$SPEC_ID:
No sample description was entered.
$SPEC_REM:
DET# 1
DETDESC# DESKTOP-3KSJ573 926
AP# Maestro Version 7.01
$DATE_MEA:
11/10/2025 12:21:36
$MEAS_TIM:
4455 4463
$DATA:
0 8191
       0
       0
       0
       0
       0
       0
       0
       0
       0
       0
       0
       0
       0
       0
       0
       0
       0
       0
       0
       0
       0
       0
       0
       0
       0
       0
       0
       0
       0
       0
       0
       0
       0
       0
       0
       0
       0
       0
       0
       0
       0
       0
       0
       0
       0
       0
       1
       0
       0
       0
       6
      11
      20
      34
      48
      68
      87
     115
     127
     111
     100
     116
     102
     104
      96
      87
      93
      75
      83
      72
      80
      66
      69
      72
      69
      78
      82
      64
      70
      70
      58
      50
      60
      54
      61
      51
      49
      52
      40
      46
      50
      46
      54
      43
      30
      46
      42
      40
      52
      46
      40
      49
      48
      46
      59
      39
      33
      36
      43
      47
      40
      32
      24
      41
      41
      45
      45
      43
      34
      38
      31
      35
      36
      40
      50
      37
      31
      46
      32
      42
      27
      34
      38
      41
      30
      26
      35
      26
      28
      40
      44
      30
      44
      40
      19
      41
      27
      24
      28
      32
      29
      28
      31
      27
      29
      22
      27
      24
      28
      16
      25
      37
      23
      32
      20
      29
      34
      36
      25
      28
      34
      33
      28
      32
      27
      26
      26
      29
      24
      19
      22
      24
      32
      20
      33
      24
      24
      22
      31
      22
      23
      28
      27
      28
      23
      27
      21
      20
      27
      32
      27
      16
      24
      21
      26
      32
      26
      28
      29
      30
      28
      24
      21
      26
      23
      22
      18
      28
      16
      21
      29
      28
      24
      26
      19
      24
      26
      26
      17
      25
      22
      12
      25
      24
      24
      21
      18
      22
      17
      18
      15
      18
      16
      29
      25
      17
      10
      13
      24
      23
      19
      18
      27
      14
      18
      21
      29
      24
      17
      16
      26
      22
      24
      20
      18
      24
      14
      17
      17
      24
      11
      19
      28
      22
      18
      16
      15
      22
      15
      11
      16
      17
      28
      18
      21
      20
      15
      16
      19
      21
      16
      24
      17
      15
      24
      12
      23
      20
      23
      22
      15
      22
      17
      18
      25
      25
      10
      20
      22
      22
      19
      13
      20
      14
      24
      14
      21
      17
      22
      23
      16
      11
      10
      22
      17
      27
      24
      14
      14
      23
      25
      15
      19
      20
      21
      15
      14
      18
      14
      20
      17
      17
      18
      15
      16
      16
      20
      20
      19
      14
      13
      20
      21
      14
      10
      16
      25
      25
      20
      25
      25
      13
      23
      22
      19
      22
      17
      14
      12
      17
      27
      26
      18
      15
      22
      16
      17
      10
      16
      12
      15
      17
      21
      26
      20
      17
      21
      14
      18
      14
      17
      15
      17
       9
      17
      14
      17
      21
      17
      13
      20
      15
      12
      17
      15
      21
      15
      25
      18
      20
      16
      18
      14
      14
      17
      15
      14
      17
      19
      12
      18
      14
      16
      20
      19
      20
      20
      15
      18
      14
       1
      25
       8
      12
      13
      14
      22
      14
      14
      20
      16
      20
      24
      21
      13
      27
      27
      27
      22
      28
      20
      29
      26
      27
      27
      20
      27
      19
      17
      22
      20
      21
      22
      17
      20
      15
      17
      12
      21
      24
      17
      16
      18
      20
      21
      15
      17
      15
      11
      10
      11
      16
      16
      15
      13
       8
      22
      14
      21
      13
      14
      24
      12
      10
      20
      10
      15
      20
      18
      26
      14
      19
      10
      16
      17
      15
       9
      16
      20
      23
      19
      15
      21
      15
      16
      20
      13
      24
      18
      24
      17
      24
      24
      18
      26
      19
      32
      19
      20
      22
      24
      27
      19
      23
      32
      16
      18
      24
      18
      20
      18
      19
      13
      23
      22
      14
      15
      24
      18
      23
      22
      31
      15
      24
      21
      27
      19
      19
      23
      19
      20
      24
      17
      14
      23
      26
      15
      23
      17
      31
      19
      34
      31
      16
      12
      16
      21
      20
      22
      26
      21
      26
      24
      20
      22
      22
      21
      30
      23
      19
      18
      18
      22
      20
      16
      19
      16
      15
      26
      13
      20
      29
      10
      18
      24
      15
      21
      19
      14
      25
      31
      11
      16
      21
      30
      29
      17
      21
      30
      20
      24
      15
      19
      24
      30
      17
      23
      24
      22
      23
      15
      23
      25
      26
      34
      33
      26
      31
      30
      36
      24
      30
      29
      21
      29
      40
      27
      27
      24
      24
      36
      27
      27
      24
      23
      22
      25
      26
      30
      30
      28
      28
      39
      23
      38
      30
      26
      28
      54
      49
      50
      68
      65
      88
      63
      83
      93
     107
     144
     173
     221
     267
     332
     439
     465
     509
     561
     553
     616
     553
     519
     441
     369
     286
     211
     196
     134
      98
      62
      56
      37
      18
      26
      28
      19
       9
      11
      15
      13
      13
      14
      20
      18
      11
      17
      11
      25
      12
      12
      17
      13
      19
      17
      20
      13
      16
      17
      15
      19
      17
      13
      15
      19
      17
      10
      15
      13
       9
      20
      13
      12
      17
      16
      16
      17
      21
      18
      12
      13
      23
      18
      18
       8
      13
      14
      16
      16
      17
      16
      20
      14
      14
      19
      17
      14
      13
      11
      18
      14
      21
      17
      12
      16
      12
      13
      15
      26
      10
       9
      24
      16
      11
      12
      12
      12
      17
      18
      22
      20
      12
      17
      12
      26
      18
      16
       6
      18
      14
      14
      17
      17
      14
      15
       7
      18
      14
      16
      20
      16
      19
      17
      17
      14
      12
      18
       7
      13
      18
      11
      10
      16
      21
      10
       9
      14
      13
      11
      11
      16
      18
      15
      14
      13
      16
       9
      14
      13
      15
      14
      19
      13
      11
      24
      17
      16
      11
      13
      18
      20
      17
       8
      14
      16
      13
      10
      17
      17
      21
      20
      17
      18
      14
      12
      11
      11
      17
      15
      17
      15
      16
      17
      14
      15
      12
      17
       8
      18
      18
      10
      12
      20
      20
       8
      15
      17
      16
      22
      14
      10
      14
      18
      17
      17
      14
      12
      17
      12
      20
      13
      13
      13
      21
      15
      14
      13
      16
       9
      15
      25
      22
      16
      14
      13
       7
      16
      12
      16
      16
      20
      28
      16
      17
      15
      13
      16
      18
      11
      18
      18
      22
      12
      22
      18
      14
      17
      18
       8
      23
      17
      17
      13
      16
      15
      18
      17
      19
       9
      19
       9
      12
      16
      16
      14
      11
      14
      14
      19
      12
      16
      17
      13
      16
      13
      19
      21
      18
      13
      13
      18
      19
      13
      15
      11
      16
      22
      22
      21
      18
      11
      17
      19
      20
      22
      12
      12
      17
      12
      17
      13
      21
      10
      17
      17
      17
      16
      13
      20
      17
      24
      17
      13
      20
      10
      26
      21
      17
      13
      18
      19
      17
      21
      18
      16
      22
      13
      15
      19
      10
      17
      20
      15
      14
       9
      19
      15
      18
      14
      18
      18
      17
      16
      13
      15
      22
      14
      22
      15
      16
      15
      17
      20
      13
      19
      25
      13
      22
      20
      21
      16
      15
      16
      20
      11
      14
      19
      14
      18
      17
      16
      27
      14
      19
      24
      22
      16
      25
      18
      21
      20
      14
      14
      18
      13
      18
      16
      21
      17
      21
      17
      11
      16
      12
      10
      17
      21
      24
      16
      17
      24
      19
      15
      22
      18
      25
      23
      22
      10
      13
      19
      20
      17
      21
      12
      17
      11
      17
      15
      20
      19
      19
      17
      32
      13
      12
      20
      13
      14
      14
      17
      17
      25
      18
      25
      19
      20
      22
       7
      20
      20
      26
      12
      17
      19
      21
      22
      13
      26
      14
      24
      15
      16
      25
      28
      22
      21
      16
      22
      27
      14
      20
      20
      17
      16
      28
      27
      19
      18
      20
      21
      21
      13
      26
      14
      17
      14
      15
      15
      22
      21
      24
      17
       8
      19
      20
      22
      18
      23
      24
      28
      25
      25
      16
      19
      24
      15
      25
      10
      21
      25
      32
      19
      31
      18
      18
      25
      19
      25
      25
      20
      32
      29
      17
      33
      28
      21
      24
      13
      19
      20
      19
      19
      18
      19
      14
      24
      20
      19
      21
      23
      26
      21
      25
      24
      26
      17
      21
      23
      25
      20
      16
      29
      29
      21
      21
      21
      23
      13
      21
      26
      22
      22
      15
      25
      29
      22
      31
      27
      30
      18
      21
      26
      25
      23
      23
      17
      34
      14
      20
      24
      22
      25
      20
      26
      27
      22
      23
      32
      20
      18
      23
      28
      39
      21
      30
      28
      21
      22
      24
      24
      25
      36
      31
      23
      29
      21
      38
      29
      34
      21
      16
      28
      25
      25
      34
      34
      29
      24
      32
      20
      29
      23
      21
      25
      28
      32
      34
      15
      20
      30
      19
      25
      29
      24
      23
      30
      17
      27
      18
      22
      15
      21
      24
      25
      29
      23
      25
      23
      30
      22
      29
      30
      19
      22
      24
      26
      24
      24
      24
      30
      21
      25
      23
      26
      20
      26
      33
      20
      18
      32
      29
      31
      33
      35
      29
      38
      31
      31
      27
      29
      32
      17
      32
      27
      20
      20
      25
      30
      25
      17
      24
      15
      19
      20
      18
      18
      16
      16
      17
      18
      26
      15
      12
      29
      18
      21
      12
      12
      18
      15
      13
      22
      16
      14
      22
      14
      23
      18
      17
      18
      19
      28
      17
      20
      24
      17
      13
      15
      17
      22
      20
      19
      15
      17
      16
      20
      19
      19
      20
      15
      20
      19
      12
      23
      15
      18
      17
      15
      19
      11
      14
      12
      21
      23
      14
      20
      14
      22
      17
      11
      24
      18
      14
      14
      17
      16
      21
      19
       7
      12
      11
      16
      15
      13
      25
      16
      19
      12
      26
      14
      18
      19
      12
      15
       9
      16
      17
      14
      15
      23
      17
      17
      22
      10
      25
      18
      22
      13
      13
      11
      16
      14
      24
      13
      19
       9
      18
      10
      17
      23
      15
      13
      21
      17
      13
      16
      16
       8
      11
      10
      23
      11
      21
      15
      19
      19
      15
      14
      17
      15
      20
      15
      13
      18
      15
      21
      17
      19
      22
      15
      16
      18
       8
      15
      25
      22
      21
      13
      18
       9
      11
      23
       8
      13
      22
      17
      11
      13
      16
      17
      20
      15
      17
      11
      12
      15
      17
      13
      12
      18
      13
      12
      12
      19
      17
      18
      17
      14
      14
      13
      13
      11
      13
      19
      13
      14
      20
      13
      24
      18
      19
      31
      22
      13
      15
      16
      14
      21
       8
      23
      19
      13
      15
      12
      16
      15
      13
      13
       9
      21
      16
      10
      16
      11
      14
      14
      18
      15
      16
      10
      14
      13
      16
      17
      12
      18
      19
      13
      17
      22
      24
      10
      16
      16
      15
       8
      19
      17
      16
      11
      11
      12
      13
      14
      14
      15
      11
      15
      16
      12
      16
      13
      23
      15
      14
      19
      18
      14
      14
      21
      12
      16
      14
      13
      11
      12
      21
      17
      15
      11
      18
      23
      17
      10
      14
      10
       9
      19
      10
       9
      16
      12
      13
      20
      18
      10
      21
      15
      15
      18
      13
      15
      13
      20
      21
       9
      12
      19
      11
       7
      12
      24
      11
      21
      26
      20
      13
      14
      11
      10
      19
      17
      18
      16
      12
       9
      18
       6
      18
      16
      20
      13
      16
      20
      14
       7
      12
      16
      18
      14
      15
      17
      15
      17
      16
      21
       9
      23
      14
      15
      13
      13
      12
      11
      13
      12
      14
      17
      11
      16
      16
       9
      19
      10
       6
      12
      13
      16
      13
      19
      16
      13
      19
      11
       7
      22
       8
      13
      10
      16
      14
       9
      10
      18
       5
      12
      11
       8
       9
      22
      11
      14
      15
      11
      10
      12
      10
       9
       9
      12
       8
      10
      11
      15
       9
      14
      11
      11
      11
      13
       6
      15
      12
      12
      16
       6
       8
       7
      14
      10
      10
      12
      13
      12
       5
       9
      13
       9
      14
      15
      10
      16
       4
      14
       9
      13
      10
       6
       8
      11
       9
      11
       7
       8
       5
       8
      13
       7
       7
       7
       8
      11
       7
      10
      10
      12
       9
       9
      11
       9
       8
      10
      11
       7
       9
       9
      10
      12
       8
       5
      12
      15
      11
      16
      10
      16
       9
       8
       8
       7
       9
       8
      12
       7
       7
      13
       9
      10
       9
      13
       9
      10
      13
       9
      11
      12
      10
      10
       3
      10
      13
       6
      10
       5
      11
      11
       8
      15
      16
      19
      19
      14
      14
      14
      20
      13
      15
      19
      10
      11
       8
       5
       9
      11
      11
      11
       6
      10
       4
       9
      10
       5
       8
      12
      11
      14
       8
      11
       8
       8
       5
      13
       8
       3
      12
       6
       9
       5
      12
      15
       8
      10
       7
       8
      14
      10
       5
       5
      11
      13
       6
       6
       9
       7
       8
       9
       9
       6
       4
      14
       7
       9
      10
       6
       7
       5
       7
       9
       6
       5
      14
      10
       9
       4
       9
      10
       7
       9
       8
      10
       8
      10
       9
       9
      11
       8
       8
       4
      13
       5
       7
      11
      10
       7
       7
       9
       8
       8
       8
       4
       2
       6
       4
      11
       5
       7
       5
       5
       5
      10
       4
      10
      11
      10
       2
       5
      12
       6
       7
       9
       7
       8
      12
       7
       7
       7
       6
       6
      12
       6
      16
       9
       5
       7
      11
       6
       7
       8
       8
       5
      11
       9
      13
       5
       5
       8
       3
       8
       5
       5
       3
      11
      10
      10
       6
       5
      11
       9
       9
      12
       6
       7
       7
      11
      17
      10
       6
       6
       9
       3
      13
       4
       5
       8
       4
       5
       5
       6
       9
       7
       4
       7
       7
       5
       9
       8
       3
      13
      14
       5
       5
       8
       8
       7
       7
       9
       8
       2
       7
       4
       6
      10
       3
       3
       5
       7
       7
      11
       3
       5
       8
      11
       6
       6
       6
      12
       9
      10
       8
       3
       8
       5
       2
       7
       5
       6
       3
       9
       5
       5
       7
       9
       5
      10
      11
       6
       3
       7
       2
       6
       4
       2
       5
       5
       4
       3
       6
       7
       5
       6
       7
       8
       9
       4
       5
       8
       3
       3
       5
       9
       8
       4
      10
       9
       4
       7
       8
       7
       2
       7
       8
       4
       4
       4
       3
      10
       8
       6
       6
       6
      10
       5
       5
       8
       3
       2
       8
       5
      12
       8
       8
       6
       3
       6
       6
       3
       6
       8
       3
       6
       4
       5
       6
       3
       6
       5
       6
       9
       3
       9
       5
       9
      10
       8
       4
       8
       7
       8
       5
       1
       3
       4
       2
       6
       5
       7
       6
       5
       6
       6
       7
       4
       2
       5
       7
      10
       6
      10
       8
       2
       4
       6
       7
       5
       4
       2
       3
       4
       6
       7
      13
      10
       9
       2
       7
       2
       8
       8
       5
       6
       6
       7
       1
       5
       4
       6
       7
       5
       8
       5
       4
       4
       3
       4
      12
       5
       5
       7
       5
       7
       5
       4
       2
       5
       6
       8
       4
       5
       5
       4
       6
      10
       5
       7
       5
       5
      11
       2
       6
       6
       4
       6
       8
       3
       8
       6
       8
       6
      12
       3
       6
       7
       5
       5
       3
       6
       5
       9
       5
      11
       7
       6
       1
       8
       8
       1
       8
       3
      10
       2
       7
       7
       5
       7
      13
      11
       7
      14
      21
      26
      29
      43
      53
      56
      54
      76
      73
      81
      93
      92
      91
      62
      50
      58
      70
      53
      46
      33
      23
      17
      11
       9
       8
       8
       8
       7
       3
       8
       4
       3
       8
       6
       5
       9
       0
       3
       4
       6
       4
       6
       6
       4
       1
       7
       7
       3
       8
       5
       2
       2
       4
       4
       1
       4
       1
       6
       8
       5
       3
       4
       5
       3
       7
       3
       7
       3
       2
       4
       8
       3
       6
       4
       4
       7
       4
       4
       1
       3
       5
       5
       9
       5
       2
       2
       5
      10
       3
       5
       6
       9
       4
       9
       7
       7
       2
       6
       4
       5
       4
       9
       8
       5
       6
       7
      10
       6
       1
       2
       5
       4
       3
       3
       5
       8
       2
       2
       2
       6
      11
       6
       5
       5
       2
       6
       6
      11
       6
       3
       3
       5
       1
      10
       2
       1
       5
       0
       3
       0
       7
       7
       1
       2
       3
       3
       5
       5
       3
       1
       4
       9
       4
       3
       8
       5
       4
       5
       5
       3
       6
       9
       1
      10
       6
       7
       5
       2
       5
       4
       9
      10
       9
       5
       6
       4
       6
       5
       2
       6
       6
       4
       3
       5
       5
       6
       1
       0
       3
       3
       5
       2
       5
       4
       3
       4
       0
       9
       3
       4
       6
       3
       8
       3
       7
       6
       6
       4
       6
       5
       4
       7
       4
       4
       3
       6
       9
      10
      10
      23
      19
      25
      32
      51
      54
      76
      88
     121
     142
     146
     142
     143
     157
     175
     169
     151
     164
     128
     122
      79
      69
      62
      52
      38
      29
      21
      14
      11
       2
       6
      11
       4
       5
       0
       7
       2
       5
       1
       3
       4
       5
       3
       7
       5
       6
       3
       6
       2
       6
       4
       4
       4
       4
       1
       3
       2
       3
       4
       2
       2
       3
       4
       4
       3
       5
       2
       2
       4
       5
       3
       3
       1
       4
       3
       2
       7
       3
       8
       3
       1
       3
       1
       4
       2
       4
       2
       5
       3
       2
       5
       3
       4
       6
       1
       2
       4
       5
       2
       1
       8
       4
       4
       3
       2
       2
       4
       5
       4
       3
       1
       2
       5
       3
       6
       5
       4
       3
       5
       5
       3
       5
       4
       5
       3
       4
       5
       3
       6
       5
       7
       2
       5
       6
       7
       2
       6
       6
       2
       2
       4
       5
       2
       2
       2
       2
       4
       3
       1
       3
       6
       3
       3
       6
       1
       1
       3
       5
       5
       2
       4
       4
       1
       3
       0
       2
       1
       6
       4
       2
       1
       3
       2
       7
       1
       3
       8
       4
       5
       3
       1
       2
       4
       4
       2
       7
       3
       1
       2
       7
       1
       5
       2
       6
       0
       4
       4
       1
       1
       2
       2
       3
       6
       4
       4
       3
       2
       4
       3
       4
       5
       1
       1
       2
       6
       3
       4
       2
       2
       6
       3
       3
       5
       4
       5
       3
       2
       0
       1
       2
       5
       3
       7
       0
       4
       3
       4
       2
       2
       4
       6
       1
       6
       2
       3
       4
       1
       5
       2
       0
       3
       5
       4
       3
       5
       3
      10
       2
       4
       5
       3
       6
       4
       1
       8
       3
       3
       3
       3
       2
       2
       4
       1
       3
       2
       4
       3
       8
       6
       3
       4
       5
       1
       4
       6
       3
       3
       2
       7
       4
       3
       3
       2
       4
       2
       3
       5
       6
       3
       4
       2
       3
       3
       6
       4
       3
       2
       1
       1
       2
       2
       3
       5
       6
       9
       6
       4
       2
       3
       3
       7
       8
       3
       1
       3
       3
       2
       4
       4
       6
       1
       2
       4
       5
       4
       7
       0
       5
       3
       2
       3
       3
       0
       2
       1
       5
       5
       4
       5
       3
       0
       2
       3
       3
       4
       4
       6
       0
       2
       1
       1
       1
       3
       1
       5
       2
       4
       1
       1
       5
       3
       4
       2
       5
       2
       1
       2
       2
       4
       1
       6
       3
       6
       4
       3
       2
       5
       2
       3
       0
       1
       1
       1
       1
       2
       2
       3
       2
       4
       2
       4
       6
       5
       2
       4
       5
       3
       2
       1
       3
       3
       3
       2
       5
       4
       6
       4
       6
       4
       6
       9
       4
       4
       6
       6
       5
       6
       5
       7
       9
       4
       7
       4
       6
       8
       7
       6
       5
       7
       4
       4
      12
      11
      16
      21
      47
      38
      56
      73
     111
     119
     169
     225
     265
     311
     362
     393
     451
     474
     452
     471
     479
     405
     378
     357
     336
     252
     178
     181
     141
     112
      87
      58
      34
      22
      15
       9
       4
       8
       2
       4
       0
       5
       3
       2
       3
       2
       2
       2
       2
       4
       2
       2
       1
       2
       1
       0
       1
       3
       2
       0
       1
       3
       1
       0
       1
       1
       0
       0
       3
       2
       1
       4
       1
       2
       0
       1
       1
       3
       0
       1
       1
       4
       0
       2
       4
       0
       0
       2
       1
       0
       1
       1
       2
       0
       2
       3
       1
       1
       3
       2
       2
       0
       1
       3
       3
       1
       2
       1
       4
       3
       2
       4
       1
       1
       2
       3
       3
       1
       2
       0
       2
       0
       0
       0
       1
       4
       1
       2
       2
       0
       0
       1
       2
       1
       2
       0
       1
       1
       0
       1
       0
       1
       2
       2
       2
       1
       1
       0
       1
       0
       1
       1
       2
       1
       0
       0
       1
       3
       1
       1
       2
       1
       0
       1
       3
       1
       2
       0
       1
       2
       1
       1
       1
       0
       1
       4
       3
       2
       1
       1
       3
       1
       1
       1
       2
       2
       2
       0
       0
       3
       0
       4
       1
       1
       2
       0
       2
       2
       1
       2
       0
       2
       4
       1
       0
       3
       1
       0
       2
       1
       1
       1
       0
       1
       0
       3
       0
       2
       2
       2
       0
       1
       0
       2
       2
       1
       1
       4
       0
       0
       3
       0
       3
       1
       1
       2
       1
       7
       5
      10
       7
       9
       7
      20
      31
      33
      29
      56
      52
      67
      47
      54
      59
      66
      55
      59
      51
      45
      34
      26
      29
      21
      19
      13
       8
       8
       7
       2
       8
       3
       3
       2
       2
       1
       0
       2
       0
       2
       1
       2
       1
       4
       1
       1
       2
       1
       0
       3
       0
       1
       2
       2
       1
       0
       1
       2
       0
       2
       2
       0
       0
       4
       0
       0
       1
       0
       1
       2
       1
       3
       0
       3
       2
       4
       2
       0
       0
       2
       0
       2
       0
       2
       4
       0
       1
       2
       0
       4
       3
       2
       2
       1
       2
       1
       0
       1
       0
       1
       0
       1
       1
       1
       2
       1
       0
       1
       1
       2
       1
       1
       0
       1
       0
       3
       1
       2
       1
       1
       0
       0
       1
       1
       0
       1
       3
       1
       2
       0
       1
       1
       0
       2
       3
       1
       0
       0
       2
       1
       0
       0
       3
       4
       1
       1
       1
       1
       1
       3
       3
       2
       1
       0
       2
       1
       0
       1
       0
       2
       1
       0
       1
       0
       3
       2
       2
       1
       1
       0
       1
       2
       1
       1
       0
       0
       2
       2
       2
       1
       1
       1
       2
       1
       1
       1
       4
       0
       0
       2
       2
       0
       1
       1
       1
       1
       1
       0
       2
       1
       0
       3
       1
       7
       2
       0
       1
       1
       0
       3
       2
       2
       1
       0
       1
       3
       0
       1
       1
       1
       1
       0
       0
       0
       1
       2
       3
       1
       0
       2
       5
       1
       4
       4
       3
       1
       0
       1
       3
       2
       1
       0
       0
       2
       1
       1
       1
       0
       2
       1
       5
       2
       1
       1
       0
       0
       2
       2
       1
       1
       2
       2
       0
       3
       1
       0
       5
       0
       0
       1
       2
       2
       2
       3
       1
       0
       1
       2
       3
       1
       1
       1
       2
       0
       0
       0
       1
       2
       3
       1
       0
       0
       2
       1
       3
       2
       0
       1
       0
       1
       0
       0
       0
       3
       2
       2
       3
       2
       0
       0
       1
       0
       2
       4
       2
       1
       1
       0
       1
       1
       2
       0
       1
       1
       0
       0
       1
       2
       2
       1
       2
       0
       2
       2
       0
       2
       0
       1
       1
       3
       0
       2
       0
       3
       0
       1
       1
       0
       1
       2
       0
       0
       1
       0
       0
       1
       1
       0
       0
       0
       6
       1
       1
       0
       1
       2
       0
       1
       2
       2
       1
       1
       2
       0
       2
       2
       0
       0
       1
       1
       0
       3
       1
       1
       1
       2
       2
       3
       0
       0
       3
       3
       0
       0
       2
       3
       1
       1
       1
       1
       0
       1
       0
       2
       0
       1
       1
       1
       1
       0
       1
       0
       3
       0
       1
       2
       2
       2
       2
       0
       0
       1
       3
       1
       2
       1
       1
       1
       0
       1
       0
       2
       0
       1
       0
       0
       0
       2
       0
       0
       0
       1
       1
       0
       0
       0
       0
       4
       0
       1
       1
       1
       1
       2
       3
       5
       4
       2
       2
       3
       1
       2
       2
       3
       2
       0
       1
       1
       1
       1
       1
       2
       2
       3
       2
       2
       1
       0
       0
       1
       2
       2
       2
       0
       0
       0
       0
       1
       3
       1
       1
       1
       3
       1
       2
       1
       1
       0
       4
       0
       2
       1
       0
       1
       0
       3
       2
       0
       1
       0
       1
       0
       1
       2
       1
       0
       1
       2
       2
       1
       1
       1
       2
       1
       0
       0
       0
       0
       1
       3
       0
       1
       3
       0
       2
       0
       0
       2
       1
       0
       3
       1
       1
       4
       2
       4
       0
       2
       1
       0
       0
       0
       2
       3
       1
       0
       1
       0
       1
       2
       0
       0
       0
       0
       1
       2
       0
       1
       2
       1
       0
       1
       1
       1
       2
       1
       0
       0
       0
       1
       2
       1
       3
       2
       0
       1
       0
       0
       0
       2
       1
       0
       0
       0
       1
       1
       0
       0
       0
       2
       1
       2
       0
       0
       0
       1
       1
       2
       1
       0
       3
       0
       1
       0
       3
       3
       1
       2
       1
       0
       0
       0
       1
       1
       0
       1
       0
       3
       0
       2
       0
       2
       3
       1
       1
       0
       1
       0
       2
       0
       1
       1
       2
       0
       1
       2
       1
       0
       3
       0
       1
       0
       1
       0
       0
       0
       0
       2
       1
       0
       3
       1
       1
       2
       0
       2
       2
       1
       1
       0
       2
       0
       2
       3
       1
       1
       1
       1
       1
       0
       4
       1
       2
       1
       2
       0
       0
       0
       0
       1
       1
       0
       1
       0
       1
       1
       0
       0
       2
       2
       1
       1
       3
       2
       2
       0
       0
       1
       0
       0
       0
       2
       0
       3
       2
       2
       1
       0
       0
       0
       1
       2
       0
       1
       1
       2
       1
       0
       1
       1
       1
       0
       1
       1
       0
       0
       2
       0
       2
       0
       0
       1
       1
       1
       1
       2
       0
       2
       2
       1
       0
       1
       1
       1
       0
       2
       0
       3
       0
       2
       0
       0
       2
       1
       0
       3
       1
       2
       0
       0
       0
       0
       2
       0
       2
       0
       0
       0
       1
       2
       1
       0
       0
       0
       1
       2
       0
       1
       0
       1
       1
       1
       1
       0
       3
       0
       0
       3
       0
       2
       0
       2
       0
       1
       0
       2
       0
       1
       1
       1
       0
       0
       1
       0
       2
       2
       0
       0
       1
       0
       1
       0
       1
       0
       1
       1
       1
       0
       1
       1
       3
       1
       1
       4
       1
       0
       0
       2
       1
       0
       0
       0
       0
       0
       0
       1
       1
       0
       2
       1
       2
       0
       1
       1
       3
       0
       0
       1
       2
       1
       1
       2
       2
       0
       0
       0
       2
       0
       1
       1
       2
       0
       0
       1
       0
       0
       0
       1
       2
       0
       0
       1
       3
       1
       0
       0
       1
       1
       1
       3
       1
       0
       1
       0
       0
       1
       1
       0
       0
       3
       1
       3
       1
       1
       2
       1
       1
       1
       3
       1
       1
       1
       0
       1
       2
       2
       2
       2
       0
       0
       7
       1
       0
       0
       0
       1
       0
       0
       2
       1
       2
       0
       0
       2
       1
       1
       1
       1
       1
       0
       4
       1
       1
       0
       2
       1
       1
       2
       1
       1
       1
       0
       1
       3
       2
       0
       0
       0
       0
       2
       0
       0
       2
       2
       1
       0
       2
       1
       0
       0
       3
       2
       1
       1
       1
       2
       0
       2
       1
       1
       0
       3
       0
       1
       1
       1
       0
       3
       3
       2
       0
       1
       0
       0
       1
       0
       0
       1
       2
       0
       1
       4
       0
       3
       1
       0
       1
       1
       2
       0
       1
       1
       1
       3
       1
       1
       1
       0
       1
       0
       1
       0
       2
       1
       0
       1
       1
       0
       3
       1
       1
       0
       2
       0
       1
       1
       0
       1
       1
       2
       2
       0
       0
       1
       0
       0
       1
       0
       0
       0
       0
       0
       0
       1
       0
       3
       1
       0
       0
       1
       0
       0
       2
       1
       3
       1
       0
       3
       1
       3
       1
       2
       0
       4
       1
       0
       6
       5
       2
       5
       5
       6
       1
       2
       2
       4
       4
       1
       3
       6
       1
       1
       4
       2
       1
       2
       0
       3
       2
       1
       3
       3
       0
       0
       1
       2
       1
       3
       0
       1
       0
       0
       0
       0
       1
       1
       0
       0
       1
       0
       1
       0
       2
       0
       1
       1
       0
       0
       1
       2
       2
       0
       0
       0
       1
       1
       2
       1
       2
       1
       1
       0
       1
       2
       2
       2
       1
       1
       0
       0
       1
       3
       2
       0
       1
       0
       0
       0
       1
       0
       0
       0
       0
       3
       1
       0
       2
       0
       1
       0
       2
       0
       0
       3
       0
       1
       0
       1
       0
       0
       2
       1
       1
       1
       0
       0
       0
       3
       1
       0
       1
       1
       2
       0
       0
       0
       1
       1
       2
       2
       0
       0
       1
       2
       1
       0
       1
       1
       0
       1
       1
       0
       0
       0
       0
       0
       1
       0
       1
       0
       0
       1
       2
       0
       1
       0
       2
       2
       2
       1
       0
       0
       1
       0
       1
       1
       1
       0
       2
       2
       1
       2
       1
       1
       1
       1
       0
       3
       1
       1
       1
       1
       0
       1
       0
       0
       0
       0
       2
       2
       1
       1
       0
       2
       1
       0
       0
       1
       2
       1
       1
       1
       2
       2
       1
       1
       0
       1
       1
       1
       0
       1
       1
       1
       1
       1
       1
       2
       0
       2
       0
       1
       2
       1
       0
       1
       0
       4
       1
       1
       0
       0
       2
       1
       1
       1
       0
       1
       0
       2
       0
       0
       1
       1
       0
       0
       0
       0
       2
       0
       0
       2
       0
       0
       1
       0
       1
       0
       1
       0
       0
       1
       1
       1
       1
       0
       1
       2
       0
       0
       2
       0
       0
       2
       0
       1
       0
       3
       2
       2
       1
       0
       0
       1
       0
       1
       3
       1
       0
       0
       0
       0
       1
       1
       0
       2
       0
       0
       0
       0
       1
       1
       0
       1
       1
       2
       1
       0
       1
       1
       2
       0
       1
       1
       0
       0
       0
       0
       2
       0
       0
       0
       0
       1
       0
       1
       0
       0
       1
       1
       0
       1
       0
       0
       2
       1
       0
       0
       2
       1
       1
       3
       0
       2
       0
       0
       0
       0
       1
       0
       1
       2
       3
       2
       1
       0
       2
       1
       0
       0
       1
       0
       0
       2
       1
       0
       0
       0
       0
       1
       0
       0
       1
       2
       1
       0
       0
       0
       0
       0
       0
       0
       1
       0
       1
       1
       1
       1
       1
       1
       0
       0
       0
       1
       2
       0
       3
       0
       0
       1
       0
       0
       0
       0
       0
       1
       0
       1
       0
       0
       1
       0
       1
       1
       0
       0
       1
       2
       3
       0
       1
       1
       1
       1
       0
       1
       0
       1
       2
       1
       0
       1
       1
       0
       1
       0
       1
       2
       1
       0
       2
       0
       1
       1
       0
       2
       0
       4
       1
       0
       0
       1
       1
       1
       1
       1
       0
       1
       0
       1
       0
       0
       1
       0
       1
       0
       1
       2
       2
       0
       0
       1
       0
       2
       0
       0
       2
       0
       1
       0
       1
       0
       1
       1
       1
       0
       1
       0
       2
       1
       2
       1
       0
       0
       1
       0
       1
       0
       0
       2
       0
       0
       0
       2
       2
       0
       1
       0
       1
       3
       0
       0
       2
       3
       0
       1
       1
       1
       0
       0
       2
       1
       0
       1
       0
       1
       0
       1
       2
       1
       1
       2
       1
       1
       2
       1
       1
       0
       0
       2
       1
       2
       1
       1
       1
       1
       0
       1
       3
       1
       1
       0
       0
       2
       1
       1
       0
       0
       0
       2
       0
       0
       1
       1
       0
       1
       2
       2
       1
       0
       1
       1
       0
       2
       2
       1
       1
       0
       0
       1
       2
       1
       0
       0
       0
       0
       0
       0
       1
       1
       0
       1
       1
       0
       1
       1
       1
       0
       0
       0
       0
       0
       2
       0
       0
       1
       1
       0
       1
       1
       1
       1
       1
       2
       3
       1
       0
       0
       0
       0
       0
       0
       2
       1
       1
       1
       1
       0
       0
       0
       1
       0
       0
       2
       0
       1
       3
       0
       1
       0
       2
       1
       0
       0
       1
       0
       1
       0
       2
       1
       1
       0
       3
       0
       0
       1
       0
       0
       1
       0
       1
       0
       2
       2
       0
       0
       0
       2
       0
       0
       1
       0
       1
       1
       2
       0
       1
       0
       1
       1
       0
       0
       2
       1
       0
       1
       0
       1
       0
       1
       0
       0
       1
       0
       1
       1
       0
       2
       0
       1
       0
       1
       0
       4
       0
       0
       1
       0
       0
       0
       0
       0
       0
       1
       0
       1
       0
       1
       0
       1
       4
       0
       0
       1
       1
       1
       0
       0
       3
       0
       0
       0
       1
       0
       0
       0
       0
       2
       0
       0
       0
       0
       0
       1
       3
       2
       0
       1
       0
       2
       1
       0
       1
       0
       0
       0
       1
       0
       0
       4
       0
       1
       0
       3
       1
       1
       0
       0
       0
       2
       0
       1
       1
       1
       2
       1
       0
       1
       1
       2
       0
       0
       1
       1
       1
       0
       1
       2
       2
       1
       0
       0
       1
       1
       0
       1
       1
       0
       0
       0
       0
       0
       0
       1
       1
       0
       1
       0
       1
       0
       0
       0
       1
       1
       0
       0
       1
       0
       1
       0
       1
       1
       1
       1
       0
       0
       2
       0
       1
       0
       1
       1
       3
       5
       3
       1
       3
       2
       3
       1
       1
       2
       0
       2
       3
       2
       3
       3
       0
       1
       0
       2
       2
       1
       1
       1
       2
       1
       0
       2
       0
       1
       0
       3
       1
       1
       1
       1
       1
       0
       1
       1
       0
       1
       2
       1
       0
       1
       0
       0
       1
       0
       0
       1
       1
       0
       0
       3
       0
       1
       1
       1
       1
       0
       0
       1
       0
       1
       0
       1
       0
       1
       0
       0
       0
       1
       2
       0
       0
       1
       0
       2
       4
       1
       2
       0
       1
       0
       0
       2
       2
       2
       0
       1
       1
       0
       0
       3
       0
       1
       1
       0
       0
       1
       0
       0
       2
       0
       1
       0
       1
       0
       0
       1
       0
       2
       0
       0
       1
       0
       1
       1
       0
       1
       0
       1
       0
       1
       1
       2
       1
       0
       0
       0
       0
       0
       2
       1
       0
       0
       2
       0
       0
       0
       0
       0
       2
       1
       2
       1
       1
       0
       3
       1
       0
       1
       1
       0
       0
       0
       0
       0
       0
       0
       1
       0
       0
       0
       1
       3
       0
       2
       3
       1
       1
       0
       0
       1
       1
       1
       0
       0
       3
       1
       1
       0
       1
       1
       1
       1
       1
       0
       3
       0
       0
       0
       2
       0
       0
       1
       0
       0
       1
       0
       2
       0
       0
       0
       1
       1
       0
       0
       1
       0
       0
       0
       2
       1
       0
       0
       1
       2
       1
       1
       1
       0
       0
       1
       0
       0
       1
       0
       1
       0
       0
       0
       2
       0
       1
       1
       1
       1
       1
       1
       2
       0
       1
       0
       0
       1
       1
       0
       0
       0
       0
       0
       1
       0
       0
       0
       1
       0
       0
       0
       0
       0
       2
       2
       1
       0
       1
       0
       1
       1
       1
       1
       1
       1
       2
       2
       0
       1
       0
       1
       0
       0
       2
       0
       0
       1
       1
       0
       1
       1
       1
       0
       0
       0
       1
       0
       1
       1
       0
       2
       0
       1
       1
       0
       1
       2
       0
       0
       1
       0
       0
       0
       1
       0
       0
       1
       0
       0
       0
       0
       0
       0
       0
       1
       0
       1
       1
       1
       4
       0
       1
       1
       0
       0
       0
       1
       2
       1
       1
       0
       1
       0
       2
       2
       0
       0
       2
       1
       1
       2
       1
       0
       0
       0
       0
       2
       0
       0
       1
       0
       1
       0
       0
       1
       0
       1
       1
       1
       1
       0
       1
       0
       1
       1
       1
       0
       1
       0
       0
       1
       1
       4
       0
       0
       0
       1
       0
       0
       0
       0
       0
       0
       0
       1
       0
       0
       0
       0
       0
       0
       1
       0
       1
       0
       1
       2
       1
       0
       3
       0
       1
       0
       0
       1
       0
       2
       0
       1
       0
       2
       1
       0
       0
       0
       0
       1
       1
       1
       1
       0
       1
       2
       2
       1
       0
       0
       2
       0
       2
       1
       2
       1
       2
       2
       0
       1
       2
       4
       1
       0
       2
       3
       0
       1
       2
       1
       0
       1
       3
       0
       0
       0
       0
       0
       0
       0
       0
       1
       0
       1
       0
       0
       0
       0
       2
       0
       1
       0
       0
       0
       0
       1
       1
       2
       0
       0
       0
       0
       1
       1
       0
       1
       2
       1
       0
       0
       0
       0
       0
       1
       0
       2
       0
       3
       1
       3
       1
       0
       1
       1
       0
       1
       0
       0
       0
       0
       1
       0
       2
       1
       0
       0
       1
       0
       1
       0
       0
       0
       1
       0
       1
       0
       0
       1
       1
       1
       0
       1
       1
       4
       0
       1
       1
       0
       0
       0
       0
       1
       0
       2
       1
       1
       1
       0
       0
       1
       2
       0
       0
       0
       1
       0
       1
       1
       1
       2
       1
       2
       2
       0
       0
       0
       1
       0
       1
       1
       0
       0
       2
       0
       0
       1
       0
       0
       0
       0
       0
       1
       0
       1
       0
       0
       1
       1
       1
       1
       0
       0
       1
       0
       0
       0
       1
       1
       0
       0
       2
       0
       0
       1
       0
       0
       1
       1
       1
       1
       0
       0
       0
       0
       0
       0
       0
       1
       0
       0
       4
       2
       0
       0
       2
       0
       0
       0
       0
       2
       1
       1
       0
       2
       2
       2
       0
       1
       1
       2
       1
       0
       0
       1
       4
       0
       0
       0
       0
       1
       0
       0
       0
       0
       1
       1
       0
       1
       0
       0
       0
       1
       0
       1
       0
       0
       0
       1
       0
       0
       0
       0
       1
       0
       0
       2
       0
       1
       0
       0
       1
       1
       0
       0
       1
       0
       0
       1
       2
       0
       1
       0
       3
       1
       1
       0
       1
       0
       2
       0
       1
       0
       0
       0
       1
       0
       0
       1
       1
       0
       0
       1
       0
       0
       0
       0
       0
       1
       1
       1
       0
       0
       0
       1
       1
       1
       0
       0
       0
       0
       0
       0
       1
       3
       2
       0
       0
       0
       1
       0
       0
       1
       1
       0
       1
       0
       1
       0
       0
       2
       1
       1
       0
       1
       0
       0
       0
       0
       2
       0
       1
       1
       0
       0
       0
       0
       0
       0
       1
       1
       1
       1
       0
       1
       0
       2
       1
       0
       0
       0
       3
       0
       2
       0
       0
       0
       1
       0
       1
       0
       0
       1
       0
       0
       0
       0
       1
       0
       0
       1
       0
       2
       0
       1
       1
       0
       0
       1
       1
       1
       4
       0
       0
       0
       2
       0
       1
       0
       1
       0
       1
       0
       2
       0
       3
       0
       0
       0
       1
       0
       0
       0
       1
       1
       0
       0
       1
       0
       2
       0
       1
       2
       0
       0
       0
       0
       2
       0
       0
       0
       0
       0
       1
       2
       1
       0
       0
       0
       1
       1
       1
       2
       1
       2
       0
       0
       2
       1
       1
       2
       1
       0
       0
       0
       0
       1
       1
       2
       0
       0
       1
       0
       0
       1
       2
       1
       2
       0
       1
       0
       1
       0
       0
       0
       1
       0
       0
       2
       0
       0
       0
       0
       0
       1
       0
       0
       0
       1
       1
       1
       0
       0
       1
       1
       0
       3
       1
       0
       0
       0
       1
       0
       0
       0
       0
       0
       1
       1
       1
       0
       0
       1
       1
       0
       0
       0
       1
       0
       0
       1
       1
       0
       0
       2
       0
       2
       1
       1
       0
       0
       1
       0
       0
       2
       0
       3
       0
       1
       0
       0
       0
       0
       0
       0
       1
       0
       2
       0
       2
       0
       0
       0
       1
       2
       1
       0
       0
       0
       0
       0
       1
       1
       1
       0
       0
       2
       1
       2
       0
       1
       1
       0
       0
       1
       1
       1
       1
       0
       1
       2
       0
       0
       0
       0
       0
       1
       1
       0
       0
       0
       0
       2
       1
       1
       1
       0
       1
       0
       0
       0
       0
       1
       1
       1
       0
       0
       1
       1
       0
       0
       0
       1
       1
       0
       0
       1
       1
       0
       0
       1
       0
       0
       0
       0
       2
       0
       0
       1
       1
       0
       0
       1
       0
       1
       0
       0
       1
       0
       0
       0
       1
       0
       0
       0
       0
       1
       0
       2
       0
       0
       0
       1
       0
       0
       1
       0
       0
       0
       0
       0
       0
       0
       0
       1
       1
       2
       2
       1
       1
       1
       0
       0
       1
       1
       1
       0
       3
       1
       0
       0
       1
       1
       1
       0
       2
       2
       0
       0
       0
       0
       0
       1
       2
       0
       1
       2
       0
       1
       1
       2
       0
       1
       1
       0
       2
       0
       0
       1
       1
       0
       1
       0
       1
       1
       2
       1
       0
       0
       1
       0
       0
       1
       1
       1
       0
       0
       3
       0
       0
       0
       0
       2
       1
       0
       1
       0
       0
       0
       2
       0
       0
       1
       0
       0
       1
       2
       0
       0
       1
       1
       0
       0
       0
       0
       0
       0
       1
       0
       0
       0
       1
       1
       0
       0
       0
       0
       0
       1
       0
       0
       0
       0
       0
       0
       1
       0
       1
       1
       2
       0
       1
       0
       1
       0
       0
       0
       0
       0
       3
       0
       0
       2
       2
       0
       2
       0
       0
       0
       0
       1
       0
       1
       1
       1
       0
       0
       0
       0
       0
       0
       0
       2
       1
       0
       0
       0
       0
       0
       2
       0
       0
       1
       0
       0
       1
       1
       0
       0
       0
       1
       0
       0
       0
       0
       1
       1
       2
       2
       0
       1
       0
       1
       1
       0
       0
       0
       0
       0
       1
       1
       0
       0
       2
       0
       0
       0
       0
       1
       1
       0
       1
       1
       1
       0
       0
       0
       1
       1
       1
       1
       2
       1
       0
       1
       0
       2
       2
       0
       0
       1
       1
       1
       0
       0
       0
       0
       0
       2
       0
       0
       0
       1
       2
       1
       1
       1
       0
       2
       2
       1
       0
       0
       1
       0
       0
       2
       1
       0
       0
       1
       1
       1
       1
       1
       1
       0
       1
       0
       0
       0
       1
       0
       2
       0
       0
       1
       1
       0
       0
       1
       0
       0
       2
       0
       0
       0
       3
       0
       0
       0
       0
       2
       2
       2
       1
       0
       0
       0
       1
       2
       1
       0
       1
       0
       0
       1
       1
       1
       1
       1
       0
       0
       0
       1
       2
       0
       0
       0
       2
       0
       2
       1
       2
       1
       1
       0
       0
       0
       0
       0
       0
       0
       0
       2
       0
       0
       0
       1
       0
       0
       2
       1
       1
       1
       0
       1
       2
       0
       0
       1
       1
       0
       0
       0
       0
       0
       1
       2
       1
       0
       0
       0
       0
       1
       0
       1
       0
       0
       0
       0
       0
       1
       0
       1
       2
       1
       1
       1
       0
       2
       0
       0
       0
       1
       1
       0
       1
       1
       1
       0
       1
       2
       0
       1
       1
       1
       0
       1
       2
       1
       1
       0
       0
       0
       0
       3
       1
       1
       1
       0
       0
       0
       1
       0
       0
       0
       2
       0
       2
       0
       0
       0
       2
       0
       0
       1
       0
       0
       0
       0
       1
       2
       0
       0
       0
       0
       0
       1
       0
       1
       0
       0
       1
       0
       0
       1
       0
       0
       0
       1
       1
       1
       2
       1
       0
       0
       0
       0
       0
       1
       3
       0
       0
       2
       0
       0
       1
       0
       1
       0
       0
       1
       0
       0
       0
       1
       1
       0
       1
       0
       0
       1
       0
       0
       0
       0
       0
       0
       0
       0
       0
       1
       0
       0
       1
       0
       0
       0
       0
       0
       1
       1
       2
       2
       0
       0
       1
       2
       0
       1
       0
       0
       0
       0
       1
       0
       0
       1
       1
       0
       0
       1
       1
       1
       1
       0
       1
       1
       0
       0
       0
       0
       0
       0
       3
       1
       1
       0
       1
       1
       0
       0
       0
       0
       1
       1
       0
       0
       0
       1
       0
       0
       0
       2
       0
       0
       0
       0
       2
       1
       0
       0
       0
       0
       0
       0
       0
       0
       2
       0
       0
       1
       0
       1
       1
       0
       1
       0
       0
       0
       0
       1
       0
       0
       0
       0
       1
       0
       0
       0
       0
       0
       2
       0
       0
       1
       2
       0
       1
       0
       0
       0
       1
       1
       0
       0
       0
       0
       1
       0
       1
       0
       0
       0
       3
       0
       0
       0
       0
       1
       0
       2
       1
       1
       1
       1
       0
       3
       2
       3
       0
       0
       0
       0
       2
       0
       0
       0
       0
       1
       0
       0
       2
       0
       2
       0
       0
       0
       0
       1
       1
       0
       0
       1
       2
       1
       2
       0
       1
       0
       1
       0
       0
       0
       0
       0
       0
       1
       0
       2
       1
       1
       1
       2
       1
       1
       0
       0
       2
       0
       2
       1
       0
       1
       0
       0
       0
       0
       0
       0
       0
       0
       1
       0
       2
       1
       0
       2
       0
       0
       0
       0
       0
       2
       0
       0
       2
       0
       1
       1
       1
       0
       3
       0
       2
       1
       0
       1
       0
       1
       0
       0
       0
       0
       0
       1
       0
       0
       1
       1
       0
       1
       1
       0
       3
       0
       0
       0
       1
       0
       0
       2
       0
       0
       1
       1
       0
       0
       1
       0
       0
       0
       0
       0
       0
       1
       2
       2
       0
       1
       0
       0
       0
       0
       0
       1
       0
       0
       1
       0
       0
       0
       0
       1
       1
       1
       0
       0
       0
       1
       1
       0
       0
       0
       1
       1
       0
       0
       2
       1
       1
       0
       1
       0
       0
       0
       1
       0
       0
       0
       0
       0
       1
       0
       1
       1
       0
       1
       0
       1
       0
       0
       1
       0
       0
       1
       0
       0
       1
       3
       0
       0
       1
       1
       1
       0
       2
       1
       0
       0
       0
       0
       0
       1
       3
       0
       0
       1
       0
       0
       1
       0
       0
       0
       0
       0
       0
       0
       0
       0
       0
       0
       1
       1
       1
       0
       0
       0
       0
       0
       0
       1
       1
       0
       0
       0
       0
       1
       0
       0
       2
       2
       0
       0
       0
       2
       2
       0
       0
       1
       1
       0
       0
       0
       1
       0
       0
       1
       0
       0
       0
       2
       1
       2
       0
       0
       0
       0
       0
       0
       0
       0
       1
       0
       0
       1
       2
       1
       0
       0
       0
       1
       0
       0
       2
       0
       0
       0
       0
       1
       0
       0
       0
       3
       0
       0
       0
       0
       0
       1
       0
       0
       1
       0
       0
       0
       0
       0
       0
       0
       0
       0
       0
       0
       2
       1
       0
       0
       0
       0
       0
       0
       0
       0
       0
       1
       0
       0
       1
       0
       2
       1
       0
       0
       0
       3
       1
       1
       0
       1
       0
       1
       1
       0
       0
       0
       0
       0
       2
       1
       1
       0
       1
       0
       1
       0
       0
       0
       0
       1
       2
       1
       1
       0
       1
       0
       1
       0
       0
       2
       1
       1
       0
       0
       1
       2
       0
       0
       0
       1
       0
       0
       1
       0
       0
       1
       0
       2
       0
       0
       1
       1
       0
       0
       0
       0
       0
       1
       0
       0
       1
       0
       0
       1
       1
       0
       0
       0
       0
       2
       2
       0
       0
       0
       1
       0
       2
       1
       0
       0
       2
       0
       0
       1
       2
       1
       0
       0
       0
       1
       0
       3
       0
       1
       0
       1
       1
       0
       0
       0
       1
       0
       0
       0
       0
       0
       0
       1
       0
       0
       1
       2
       0
       0
       0
       1
       1
       0
       1
       0
       1
       1
       0
       1
       0
       0
       0
       1
       1
       3
       0
       2
       0
       0
       0
       0
       1
       0
       1
       1
       0
       1
       1
       2
       1
       1
       1
       0
       0
       0
       1
       0
       0
       1
       0
       0
       0
       0
       1
       1
       1
       0
       0
       0
       1
       0
       0
       0
       0
       0
       0
       0
       0
       0
       1
       0
       1
       0
       2
       1
       0
       0
       0
       0
       1
       1
       0
       2
       0
       0
       1
       2
       1
       2
       0
       1
       0
       0
       0
       2
       1
       0
       0
       0
       1
       1
       0
       1
       1
       0
       0
       1
       1
       0
       0
       1
       0
       1
       0
       0
       2
       0
       1
       0
       0
       1
       0
       1
       0
       2
       0
       0
       0
       2
       1
       1
       0
       0
       0
       1
       0
       1
       1
       1
       0
       0
       0
       0
       0
       0
       1
       0
       0
       1
       0
       0
       0
       0
       1
       0
       1
       1
       0
       1
       0
       0
       0
       1
       0
       0
       0
       0
       1
       2
       1
       1
       0
       1
       0
       0
       1
       1
       0
       2
       1
       0
       2
       0
       0
       0
       0
       0
       0
       0
       4
       0
       1
       0
       0
       0
       0
       1
       0
       0
       1
       0
       1
       0
       1
       0
       0
       2
       1
       0
       0
       1
       1
       0
       0
       0
       0
       1
       0
       0
       0
       0
       1
       1
       1
       0
       0
       0
       0
       0
       0
       1
       2
       2
       1
       2
       0
       0
       0
       2
       0
       1
       1
       0
       0
       0
       0
       0
       0
       1
       0
       0
       0
       0
       0
       0
       1
       0
       2
       0
       0
       0
       0
       0
       0
       0
       1
       1
       0
       0
       0
       1
       0
       0
       0
       0
       0
       1
       0
       0
       0
       1
       0
       0
       0
       1
       1
       0
       0
       0
       0
       0
       0
       0
       1
       0
       0
       0
       0
       0
       0
       0
       1
       0
       1
       1
       0
       1
       0
       0
       0
       0
       0
       0
       0
       0
       0
       0
       1
       2
       0
       0
       1
       0
       0
       1
       2
       2
       0
       1
       1
       0
       1
       0
       0
       0
       0
       0
       0
       0
       0
       0
       0
       0
       0
       1
       0
       0
       1
       0
       2
       2
       1
       0
       0
       0
       1
       1
       0
       1
       0
       1
       1
       0
       0
       1
       0
       0
       0
       0
       0
       0
       1
       0
       0
       0
       2
       1
       0
       0
       0
       3
       1
       1
       1
       2
       0
       0
       0
       1
       0
       1
       1
       1
       2
       0
       2
       1
       2
       0
       2
       0
       0
       0
       0
       1
       0
       0
       0
       0
       0
       1
       0
       0
       0
       1
       2
       1
       0
       0
       0
       0
       0
       0
       1
       0
       0
       1
       0
       0
       2
       0
       0
       0
       0
       0
       0
       0
       1
       0
       1
       0
       1
       0
       0
       1
       1
       0
       0
       1
       0
       0
       1
       0
       0
       0
       0
       0
       1
       1
       0
       1
       0
       1
       0
       1
       2
       0
       0
       0
       0
       2
       0
       0
       2
       0
       1
       1
       0
       0
       0
       0
       0
       1
       0
       1
       0
       0
       0
       3
       0
       0
       0
       1
       0
       1
       1
       0
       0
       0
       0
       0
       1
       0
       0
       0
       1
       0
       0
       0
       1
       0
       0
       0
       0
       2
       0
       2
       0
       0
       0
       0
       0
       1
       1
       0
       1
       0
       1
       0
       0
       1
       1
       4
       0
       1
       0
       0
       0
       0
       0
       1
       0
       0
       0
       0
       0
       1
       0
       0
       1
       0
       0
       2
       0
       1
       1
       0
       0
       0
       0
       1
       0
       1
       0
       0
       0
       0
       1
       0
       0
       0
       3
       0
       1
       0
       0
       1
       0
       0
       0
       0
       0
       0
       0
       1
       2
       2
       2
       2
       1
       0
       0
       1
       1
       0
       1
       1
       0
       0
       0
       0
       0
       0
       0
       0
       0
       1
       0
       0
       1
       0
       0
       1
       1
       0
       0
       0
       1
       0
       0
       0
       0
       0
       0
       2
       0
       0
       0
       0
       0
       0
       1
       0
       0
       0
       0
       1
       1
       0
       1
       0
       0
       0
       0
       0
       0
       0
       1
       0
       1
       0
       0
       0
       0
       0
       1
       0
       0
       1
       0
       0
       1
       1
       0
       1
       0
       0
       1
       0
       1
       1
       1
       0
       0
       0
       1
       0
       1
       0
       0
       0
       1
       0
       0
       0
       0
       0
       0
       0
       0
       0
       0
       0
       0
       0
       2
       1
       0
       3
       0
       1
       1
       0
       0
       1
       1
       0
       1
       0
       0
       0
       0
       0
       1
       0
       0
       0
       0
       1
       1
       0
       1
       1
       0
       0
       0
       0
       0
       0
       1
       0
       0
       0
       0
       0
       0
       0
       4
       7
       7
      11
       6
      13
       9
       6
       4
       7
       8
       5
       3
       5
       7
       6
       6
       4
       5
      10
      10
      10
       6
       7
       6
       9
       9
       8
       5
       8
       8
       2
       6
       9
       4
      10
       4
       3
       8
       5
       9
       8
       9
       3
       9
       9
       7
       7
       6
       7
       2
       8
      15
       9
       5
       5
       7
      12
       3
       5
      11
       5
       8
       6
       6
       8
       8
      10
      11
       7
       7
      12
       5
       3
       7
       7
       8
      10
      10
      12
       8
       6
      10
       3
       7
      13
       9
      11
       1
       6
       8
       9
      14
       6
       2
       4
       1
       8
       5
       7
       7
      10
       2
       2
       7
       5
       6
       5
       7
      13
       5
       7
       8
       6
       9
       6
       8
      16
      12
       6
      11
       7
       6
       8
      12
       4
       6
       5
       7
       5
       5
       9
      10
       4
      18
       9
       8
       9
       7
       7
       9
       7
       8
       6
       7
       5
      10
       3
       7
       9
       7
       6
       3
       7
       8
       9
       5
       4
       9
       7
      10
       6
       6
       8
       4
       2
       7
       7
       4
      11
       7
       7
       3
       5
       8
       1
       4
       9
      14
       8
       5
      11
       7
       5
       2
$ROI:
0
$PRESETS:
None
0
0
$ENER_FIT:
0.000000 0.000000
$MCA_CAL:
3
0.000000E+000 0.000000E+000 0.000000E+000 
$SHAPE_CAL:
3
0.000000E+000 0.000000E+000 0.000000E+000
