$SPEC_ID:
No sample description was entered.
$SPEC_REM:
DET# 1
DETDESC# DESKTOP-3KSJ573 926
AP# Maestro Version 7.01
$DATE_MEA:
11/10/2025 15:09:53
$MEAS_TIM:
75671 75747
$DATA:
0 8191
       0
       0
       0
       0
       1
       0
       0
       0
       0
       0
       0
       0
       0
       0
       0
       0
       0
       0
       0
       0
       0
       0
       0
       0
       0
       0
       0
       0
       0
       0
       0
       0
       0
       0
       0
       0
       1
       0
       0
       0
       0
       0
       0
       0
       0
       0
       0
       0
       0
       2
      11
      36
      71
     125
     189
     265
     331
     371
     387
     374
     399
     427
     392
     418
     401
     372
     359
     341
     342
     320
     338
     319
     308
     302
     284
     256
     260
     264
     249
     240
     242
     249
     249
     234
     226
     197
     199
     199
     204
     182
     177
     211
     161
     182
     183
     175
     209
     157
     195
     177
     163
     176
     165
     173
     174
     145
     146
     138
     144
     133
     132
     121
     123
     136
     126
     153
     113
     117
     115
     142
     124
     135
     103
     109
     119
     126
     110
     117
     122
     124
     107
     126
     125
     120
     121
     121
     122
     102
     106
      96
      99
     104
      94
      87
     100
     103
     116
     103
      89
     115
     102
      95
      98
      90
     104
     116
      96
     105
      92
      81
     104
      94
     101
     102
      86
      96
      89
      83
     106
      91
      96
      85
      92
      91
      87
      96
      88
      94
      93
      94
      99
      82
     100
      77
      88
      87
      78
      71
     103
      77
      78
      87
      82
      84
      80
      76
      86
      63
      89
      90
      75
      72
      83
      84
      88
      88
      79
      79
      66
      78
      82
      81
      79
      89
      92
      91
      88
      86
      96
      72
      80
      70
      73
      87
     103
      74
      79
      73
      85
      83
      71
      78
      83
      66
      68
      83
      80
      66
      80
      69
      85
      83
      87
      62
      73
      69
      73
      84
      75
      73
      76
      82
      64
      78
      75
      69
      73
      86
      75
      75
      73
      82
      75
      62
      85
      77
      82
      81
      70
      72
      70
      82
      70
      69
      67
      61
      64
      73
      70
      78
      78
      68
      76
      71
      84
      66
      75
      60
      71
      80
      55
      63
      62
      71
      81
      58
      81
      67
      71
      53
      72
      72
      57
      55
      67
      65
      71
      79
      75
      47
      70
      63
      79
      68
      63
      72
      52
      68
      55
      81
      76
      67
      73
      66
      69
      73
      67
      58
      72
      62
      39
      75
      70
      57
      72
      63
      64
      78
      60
      66
      43
      70
      60
      56
      63
      59
      64
      63
      62
      66
      49
      56
      68
      65
      71
      58
      66
      74
      66
      70
      56
      65
      82
      61
      55
      51
      62
      67
      58
      65
      63
      56
      63
      58
      55
      60
      64
      46
      73
      65
      63
      66
      69
      57
      65
      60
      62
      62
      57
      74
      56
      79
      63
      62
      59
      60
      72
      68
      60
      60
      56
      70
      50
      62
      51
      63
      60
      49
      55
      49
      60
      53
      51
      49
      69
      55
      53
      66
      52
      60
      49
      50
      56
      58
      64
      48
      65
      74
      60
      64
      53
      52
      53
      59
      57
      58
      52
      55
      74
      59
      70
      44
      56
      56
      69
      61
      53
      51
      60
      58
      74
      65
      53
      57
      54
      61
      69
      82
      69
      64
      63
      64
      66
      49
      65
      60
      56
      56
      58
      70
      70
      63
      53
      53
      59
      54
      60
      60
      59
      51
      57
      60
      58
      68
      46
      53
      58
      57
      60
      51
      41
      68
      52
      49
      62
      62
      65
      56
      63
      56
      61
      59
      60
      64
      62
      69
      67
      62
      78
      68
      70
      68
      56
      74
      69
      68
      64
      63
      51
      53
      47
      62
      73
      59
      64
      58
      73
      46
      58
      64
      59
      60
      71
      54
      70
      83
      65
      61
      67
      69
      62
      68
      73
      67
      65
      65
      66
      55
      71
      59
      56
      84
      66
      70
      64
      54
      71
      65
      74
      71
      57
      63
      60
      79
      70
      66
      79
      65
      76
      79
      58
      46
      80
      62
      55
      62
      61
      58
      57
      61
      48
      60
      60
      54
      63
      61
      54
      59
      61
      65
      70
      68
      58
      69
      67
      72
      62
      54
      59
      79
      63
      81
      58
      65
      75
      83
      71
      79
      61
      81
      75
      75
      85
      86
      78
      98
      84
      84
      98
     112
     111
      91
      99
      98
      99
      80
      89
      89
      69
      84
      84
      93
     111
     118
     129
     132
     134
     118
     112
     140
     128
     120
     117
     103
     109
      82
      74
      93
      91
      81
      63
      76
      83
     105
      90
      87
      94
     101
     107
      95
      84
      69
      74
      88
      73
      87
      71
      78
      68
      67
      67
      72
      68
      87
      81
      65
      67
      69
      67
      78
      80
      78
      74
      69
      61
      66
      66
      74
      70
      78
      66
      71
      67
      73
      66
      71
      63
      60
      58
      73
      94
      75
      70
      72
      73
      80
      79
      77
      83
      85
      75
      99
      81
     100
      77
      88
     103
     102
     120
      99
      96
     111
      88
      93
     100
      91
     106
      83
      92
      76
      82
      67
      77
      87
      74
      93
      75
      79
     100
      83
     103
      98
     106
      93
      96
      83
      88
      76
      81
      65
      86
      66
      83
      89
      76
      79
      77
      70
      79
      82
      88
      72
      73
      59
      89
      68
      61
      79
      69
      71
      80
      77
      72
      71
      71
      84
      91
      99
      86
      85
     102
     112
     115
     125
     118
     100
     118
     106
     105
     116
     103
      98
      94
      78
      86
      85
      64
      72
      92
      72
      81
      67
      86
      83
      75
      74
      89
      71
      71
      65
      84
      66
      87
      79
      64
      74
      74
      80
      66
      76
      79
      84
      74
      77
      70
      74
      79
      79
      75
      68
      69
      77
      80
      74
      77
      90
      73
      90
      86
      77
      83
     100
      87
      75
      67
      79
      65
      96
      61
      64
      97
      79
      73
      68
      62
      79
      72
      81
      79
      95
      85
      83
      76
      84
      71
      77
      67
      81
      89
      62
      70
      75
      84
      71
      75
      68
      65
      75
      78
      71
      66
      78
      73
      66
      89
      68
      80
      95
      84
      85
      62
      82
      65
      80
      99
     108
      95
      86
      84
      71
      78
      74
      76
      71
      79
      77
      74
      84
      79
      85
      85
      85
      97
      86
      93
      78
      96
      71
      88
      79
      73
      73
      73
      76
      76
      98
      81
      81
      64
      87
      92
      77
      66
      81
      76
      85
      92
      88
      83
      86
      97
      87
      87
      94
      96
      75
     101
      61
      85
      84
      96
      82
      91
      81
      80
      88
      90
      78
      76
      85
      91
      85
      96
      92
      68
      86
      74
      86
      76
      77
      82
      82
      92
      78
      70
      80
      91
      85
      92
      97
      88
      73
      82
      79
      76
      66
      84
     100
      87
      72
      94
      92
      74
      88
      84
      89
      96
      76
      98
      77
      80
      75
      71
      86
      78
      94
      90
      80
      77
      76
      95
      87
      74
      87
      96
      69
     100
      53
      78
      79
      70
      87
      84
      84
      78
      88
      99
      85
      87
      88
      93
      83
      96
      82
      69
      95
      68
     100
      87
      87
      83
      85
      80
      86
      92
      87
      73
      73
      79
     102
      92
      80
      75
      81
      85
      93
      86
      98
      82
      73
     103
      89
      96
      89
      93
      70
      81
      82
      81
      74
      88
      86
      91
      87
      80
      81
      91
      91
      74
      91
      70
      80
      85
      71
      80
      91
      89
      93
      79
      80
      87
      84
     103
      85
     101
      77
      83
      78
      92
      83
      90
      85
      78
      87
      79
      82
      79
      79
      88
      89
      76
      79
      93
      90
      82
      74
      93
      85
     104
      78
      81
      95
      83
      69
     105
      72
      83
      97
      78
      71
      84
      77
      66
      85
      69
      90
      79
      75
      83
      73
      91
      88
      69
      95
      84
      69
      95
      84
      78
      84
      69
      79
      93
      82
      75
      93
      89
      92
      78
      75
      75
      74
      64
      79
      76
      85
      94
      79
      86
      81
      90
      90
      65
      86
      69
      82
      70
      75
      77
      71
      79
      91
      79
      74
      87
     103
      76
      88
      75
      77
      87
      77
      75
     104
      71
      87
      99
      79
      80
      94
      85
      88
      89
      95
      85
      90
      88
      89
      82
      90
      76
      88
      77
      96
     101
      87
      80
      77
      83
      95
      68
      85
      67
      73
      76
      83
      81
      92
      76
      82
      78
      77
      98
     102
      71
      60
      87
      79
      82
      72
      70
      61
      61
      90
      80
      82
      80
      63
      69
      84
      84
      88
      87
      76
      72
      85
      72
      81
      77
      78
      72
      69
      73
      81
      52
      83
      73
      65
      67
      80
      83
      92
      78
      82
      85
      76
      73
      60
      89
      78
      65
      90
      91
      86
      76
      75
      90
      89
      95
      80
      80
      94
      71
      70
      79
      68
      91
      77
      92
      72
      90
      94
      77
     101
      63
      85
      92
      77
      73
      75
      77
      82
      86
      66
      52
      83
      67
      86
      81
      73
      93
      77
      83
      60
      74
      69
      59
      68
      66
      74
      76
      84
      94
      89
      82
      66
      80
      69
      93
      86
      76
      85
      82
      65
      89
      85
      82
      65
      78
      73
      67
      60
      72
      95
      74
      73
      71
      82
      77
      76
      53
      78
      71
      70
      94
      66
      70
      79
      86
      74
      79
      78
      69
      80
      92
      70
      71
      85
      73
      71
      65
      72
      84
      73
      81
      74
      84
      76
      73
      71
      71
      75
      81
      76
      90
      68
      78
      79
      56
      65
      66
      74
      63
      77
      56
      59
      70
      89
      62
      63
      68
      62
      56
      79
      76
      86
      65
      72
      67
      80
      79
      77
      78
      66
      73
      64
      72
      78
      72
      77
      73
      68
      60
      65
      80
      70
      64
      68
      77
      75
      69
      77
      80
      76
      70
      72
      81
      78
      80
      71
      63
      54
      73
      69
      63
      66
      66
      69
      58
      90
      62
      74
      54
      92
      70
      76
      77
      62
      73
      72
      81
      66
      94
      68
      75
      70
      59
      62
      65
      78
      86
      63
      68
      72
      74
      74
      67
      67
      84
      79
      70
      64
      62
      57
      58
      54
      69
      60
      69
      58
      51
      63
      68
      75
      52
      58
      70
      59
      57
      66
      72
      76
      53
      58
      72
      72
      73
      54
      70
      66
      65
      76
      70
      79
      79
      61
      72
      54
      76
      65
      67
      69
      76
      67
      64
      62
      70
      52
      65
      64
      62
      73
      60
      54
      67
      72
      66
      61
      64
      77
      52
      57
      46
      75
      63
      57
      70
      71
      65
      72
      88
      98
      93
      91
     105
      91
     104
     121
     114
     110
      84
     101
     103
     109
      96
      89
      72
      70
      73
      64
      61
      61
      78
      66
      61
      53
      62
      61
      61
      57
      79
      74
      73
      59
      60
      63
      69
      76
      66
      63
      60
      85
      70
      71
      59
      60
      79
      59
      66
      61
      68
      66
      55
      56
      66
      63
      63
      53
      66
      65
      49
      64
      65
      52
      78
      62
      68
      58
      69
      61
      77
      59
      54
      51
      63
      61
      53
      68
      55
      65
      69
      70
      47
      62
      71
      65
      63
      66
      68
      73
      50
      67
      63
      67
      61
      65
      56
      58
      57
      64
      60
      64
      61
      51
      51
      54
      60
      60
      57
      57
      66
      78
      54
      48
      50
      46
      71
      61
      59
      72
      62
      70
      60
      60
      55
      55
      52
      57
      63
      65
      60
      71
      51
      67
      58
      50
      75
      69
      65
      65
      60
      56
      71
      63
      59
      61
      61
      59
      64
      61
      62
      69
      52
      47
      51
      63
      61
      49
      52
      54
      72
      47
      58
      55
      64
      59
      61
      74
      75
      53
      59
      61
      57
      56
      64
      59
      53
      44
      69
      60
      47
      52
      54
      62
      52
      54
      59
      50
      68
      52
      42
      63
      53
      60
      58
      60
      63
      67
      55
      51
      56
      71
      67
      70
      58
      55
      62
      79
      52
      55
      50
      46
      71
      50
      43
      65
      51
      50
      62
      53
      60
      57
      63
      50
      62
      70
      55
      54
      47
      57
      48
      56
      58
      66
      64
      47
      58
      54
      62
      60
      55
      56
      53
      44
      63
      44
      55
      60
      55
      50
      43
      47
      64
      77
      50
      49
      54
      52
      48
      71
      58
      55
      45
      46
      58
      55
      54
      63
      46
      62
      52
      72
      56
      45
      33
      55
      51
      58
      49
      52
      49
      51
      55
      44
      60
      52
      40
      57
      53
      55
      51
      59
      50
      64
      54
      47
      56
      48
      62
      50
      57
      49
      50
      57
      56
      48
      52
      55
      51
      47
      45
      57
      45
      43
      51
      52
      41
      46
      60
      53
      58
      53
      50
      49
      60
      53
      50
      46
      56
      48
      58
      68
      53
      66
      51
      49
      58
      48
      48
      43
      58
      51
      47
      40
      62
      70
      41
      53
      51
      42
      35
      49
      58
      46
      57
      56
      53
      64
      60
      55
      60
      46
      47
      57
      60
      48
      34
      59
      62
      67
      50
      44
      59
      69
      44
      47
      48
      47
      62
      48
      55
      51
      49
      43
      55
      36
      47
      44
      61
      49
      59
      39
      53
      59
      41
      59
      40
      58
      48
      56
      46
      42
      64
      51
      54
      51
      56
      52
      51
      46
      51
      48
      46
      39
      47
      41
      51
      49
      56
      46
      43
      59
      52
      49
      54
      43
      40
      48
      42
      49
      54
      50
      48
      44
      43
      48
      39
      41
      53
      59
      51
      44
      58
      54
      50
      71
      60
      62
      78
      84
      71
      86
      70
      67
      68
      64
      73
      54
      73
      58
      58
      57
      48
      45
      45
      48
      55
      58
      52
      51
      54
      51
      57
      59
      62
      78
      61
      57
      73
      51
      69
      64
      70
      71
      56
      46
      53
      48
      50
      38
      48
      37
      39
      38
      52
      44
      51
      54
      60
      43
      53
      37
      49
      47
      44
      43
      41
      36
      46
      37
      44
      52
      45
      40
      37
      46
      38
      45
      49
      42
      53
      59
      40
      57
      44
      46
      52
      34
      28
      48
      50
      39
      31
      49
      43
      39
      40
      30
      57
      38
      45
      34
      37
      44
      44
      37
      41
      36
      31
      41
      46
      42
      33
      42
      40
      48
      51
      25
      53
      50
      40
      53
      43
      35
      27
      37
      43
      50
      35
      42
      51
      35
      39
      49
      42
      37
      38
      30
      48
      39
      32
      38
      31
      46
      46
      45
      52
      41
      32
      48
      43
      34
      36
      53
      41
      44
      40
      48
      33
      47
      41
      50
      39
      56
      43
      34
      43
      35
      40
      35
      37
      49
      53
      41
      49
      40
      38
      45
      39
      58
      50
      49
      41
      37
      35
      49
      48
      46
      32
      53
      32
      40
      34
      39
      35
      40
      33
      47
      42
      30
      33
      34
      40
      41
      46
      33
      41
      37
      41
      35
      42
      37
      42
      36
      38
      39
      37
      42
      34
      41
      42
      34
      30
      35
      32
      31
      42
      35
      41
      44
      44
      43
      50
      38
      35
      37
      44
      40
      37
      35
      32
      45
      39
      34
      38
      34
      40
      43
      44
      34
      39
      32
      33
      22
      37
      34
      40
      34
      25
      42
      38
      32
      35
      38
      40
      38
      41
      34
      40
      39
      33
      46
      36
      39
      37
      34
      38
      32
      47
      46
      30
      45
      48
      47
      41
      36
      32
      40
      47
      27
      30
      44
      32
      37
      51
      36
      38
      45
      36
      33
      29
      45
      32
      29
      46
      37
      31
      38
      48
      36
      38
      45
      28
      37
      41
      41
      41
      40
      32
      41
      48
      33
      41
      34
      32
      43
      28
      44
      38
      34
      35
      27
      39
      31
      28
      38
      30
      32
      27
      46
      32
      35
      32
      42
      31
      30
      38
      41
      33
      39
      39
      30
      28
      25
      41
      36
      44
      29
      33
      28
      24
      46
      29
      28
      28
      46
      33
      29
      44
      31
      34
      34
      26
      29
      36
      39
      37
      42
      36
      38
      36
      35
      32
      24
      39
      38
      41
      37
      31
      28
      33
      38
      33
      35
      32
      28
      31
      32
      40
      28
      34
      37
      37
      29
      32
      55
      41
      30
      23
      25
      28
      27
      39
      32
      30
      39
      34
      41
      41
      33
      40
      29
      34
      35
      30
      33
      29
      46
      28
      35
      31
      27
      32
      30
      26
      37
      31
      23
      33
      30
      33
      29
      27
      30
      27
      24
      28
      36
      43
      38
      34
      30
      34
      36
      35
      33
      36
      41
      36
      36
      39
      25
      27
      36
      36
      27
      30
      43
      30
      24
      29
      36
      40
      37
      38
      38
      43
      45
      40
      52
      51
      52
      49
      71
      56
      71
      74
      73
      78
      51
      58
      66
      51
      51
      50
      39
      28
      44
      45
      35
      36
      34
      28
      27
      26
      33
      33
      36
      35
      36
      44
      28
      27
      28
      21
      42
      30
      33
      31
      29
      37
      27
      33
      41
      35
      38
      32
      25
      33
      44
      23
      37
      44
      36
      35
      30
      31
      33
      37
      28
      35
      28
      34
      28
      36
      26
      29
      31
      27
      27
      22
      23
      25
      26
      32
      26
      30
      29
      38
      26
      34
      37
      26
      32
      30
      32
      27
      31
      33
      21
      40
      26
      26
      31
      37
      35
      28
      45
      32
      38
      31
      33
      36
      30
      42
      31
      39
      35
      32
      35
      25
      38
      32
      25
      35
      30
      29
      26
      34
      30
      39
      30
      42
      32
      30
      26
      25
      24
      24
      36
      32
      33
      41
      25
      31
      30
      30
      21
      28
      40
      37
      33
      23
      34
      37
      31
      29
      21
      30
      30
      18
      30
      32
      26
      31
      35
      40
      32
      24
      23
      27
      21
      30
      29
      41
      24
      23
      25
      37
      27
      35
      33
      31
      26
      29
      36
      31
      27
      23
      24
      27
      23
      31
      31
      28
      35
      27
      27
      40
      26
      30
      35
      27
      29
      30
      27
      24
      27
      31
      39
      27
      29
      33
      27
      37
      25
      27
      34
      24
      24
      29
      21
      32
      40
      25
      27
      38
      33
      24
      31
      28
      19
      24
      19
      31
      27
      25
      31
      27
      22
      21
      28
      30
      40
      21
      25
      29
      32
      34
      30
      27
      28
      33
      37
      25
      38
      26
      40
      25
      20
      24
      17
      31
      32
      29
      22
      44
      21
      25
      26
      24
      19
      39
      27
      17
      24
      24
      33
      20
      33
      34
      24
      31
      25
      18
      29
      25
      21
      31
      26
      36
      30
      21
      35
      27
      26
      25
      28
      31
      35
      35
      27
      33
      26
      26
      16
      15
      28
      17
      20
      19
      28
      38
      21
      26
      29
      32
      23
      28
      35
      25
      31
      33
      24
      41
      17
      31
      39
      35
      16
      27
      22
      21
      28
      29
      23
      37
      19
      26
      39
      27
      23
      30
      29
      33
      25
      33
      30
      26
      27
      22
      23
      27
      22
      34
      25
      20
      36
      21
      27
      37
      18
      32
      20
      28
      30
      24
      26
      27
      29
      34
      29
      32
      30
      24
      32
      36
      30
      32
      23
      13
      43
      28
      31
      35
      24
      40
      27
      34
      23
      31
      19
      27
      26
      29
      25
      26
      27
      20
      38
      31
      22
      28
      21
      23
      25
      28
      16
      23
      30
      25
      37
      24
      24
      27
      23
      31
      20
      21
      34
      28
      21
      31
      36
      30
      19
      29
      26
      33
      26
      24
      30
      20
      20
      33
      18
      21
      35
      26
      23
      11
      34
      17
      20
      32
      32
      27
      19
      29
      23
      21
      25
      25
      28
      32
      27
      24
      27
      24
      23
      26
      31
      25
      24
      25
      23
      28
      29
      19
      18
      36
      20
      31
      26
      28
      23
      24
      28
      22
      26
      34
      39
      32
      54
      45
      50
      64
      66
      63
      71
      83
      81
      87
      76
      91
      76
      69
      73
      54
      49
      55
      52
      46
      34
      34
      19
      27
      40
      21
      31
      26
      26
      18
      24
      25
      22
      29
      20
      24
      26
      16
      26
      21
      17
      25
      18
      15
      25
      32
      31
      31
      24
      23
      21
      26
      21
      22
      19
      20
      20
      24
      31
      21
      20
      20
      31
      29
      24
      17
      26
      22
      30
      25
      24
      22
      17
      24
      23
      31
      18
      24
      28
      21
      18
      23
      22
      26
      22
      17
      19
      19
      33
      19
      19
      15
      27
      28
      28
      20
      27
      27
      22
      18
      30
      24
      19
      22
      28
      22
      19
      22
      28
      19
      21
      28
      21
      18
      19
      23
      23
      26
      34
      22
      16
      28
      24
      19
      17
      25
      30
      31
      18
      27
      25
      29
      20
      19
      22
      28
      23
      30
      24
      27
      19
      23
      24
      27
      23
      24
      25
      21
      23
      18
      23
      30
      29
      20
      14
      19
      29
      17
      21
      23
      26
      24
      21
      26
      20
      21
      18
      14
      29
      33
      24
      17
      21
      16
      30
      14
      18
      19
      23
      21
      22
      16
      14
      21
      26
      24
      12
      22
      27
      28
      16
      23
      29
      24
      26
      23
      24
      18
      24
      22
      18
      25
      19
      15
      21
      27
      19
      26
      22
      17
      26
      19
      26
      26
      14
      12
      30
      25
      28
      19
      13
      29
      19
      25
      12
      22
      21
      18
      18
      19
      21
      29
      25
      26
      21
      24
      20
      25
      32
      27
      24
      30
      21
      25
      16
      18
      22
      21
      19
      26
      26
      28
      33
      23
      20
      17
      19
      23
      18
      19
      23
      33
      23
      15
      21
      16
      20
      15
      21
      20
      21
      24
      22
      22
      21
      28
      30
      16
      20
      19
      26
      29
      35
      19
      14
      22
      23
      24
      19
      13
      17
      14
      21
      29
      24
      27
      24
      27
      29
      19
      19
      21
      18
      24
      27
      26
      21
      18
      24
      15
      18
      24
      23
      25
      19
      26
      24
      15
      28
      28
      26
      18
      20
      18
      14
      26
      23
      22
      20
      20
      19
      18
      21
      18
      22
      17
      17
      27
      18
      22
      22
      19
      19
      19
      24
      22
      12
      19
      19
      30
      16
      24
      21
      22
      22
      21
      25
      14
      25
      18
      29
      18
      16
      14
      31
      19
      16
      23
      21
      18
      19
      17
      14
      16
      27
      24
      22
      21
      22
      20
      28
      18
      28
      25
      22
      24
      22
      31
      18
      31
      22
      24
      17
      29
      16
      22
      22
      25
      25
      17
      26
      18
      21
      19
      24
      21
      23
      15
      21
      16
      17
      25
      17
      27
      14
      19
      18
      23
      21
      13
      23
      30
      16
      23
      26
      22
      22
      20
      17
      14
      21
      21
      15
      18
      19
      15
      20
      24
      22
      24
      25
      18
      18
      18
      16
      16
       7
      23
      15
      22
      23
      19
      23
      18
      19
      15
      16
      21
      17
      26
      22
      20
      15
      16
      19
      17
      20
      15
      11
      14
      23
      21
      12
      22
       9
      22
      13
      22
      15
      23
      25
      11
      25
      27
      15
      26
       9
      23
      22
      13
      19
      28
      23
      27
      20
      17
      21
      23
      24
      23
      22
      15
      17
      14
      16
      14
      14
      22
      27
      28
      24
      11
      19
      18
      20
      20
      13
      16
      13
      21
      13
      16
      25
      18
      24
      21
      22
      14
      24
      16
      16
      19
      19
      24
      17
      18
      21
      12
      14
      25
      18
      17
      18
      23
      22
      26
      20
      22
      13
      16
      15
      20
      16
      20
      23
      17
      24
      14
      25
      22
      20
      16
      14
      17
      15
      20
      24
      28
      14
      20
      15
      24
      18
      18
      14
      19
      19
      14
      16
      22
      17
      22
      28
      11
      16
      23
      18
      18
      14
      17
      20
      15
      20
      15
      17
      21
      24
      14
      15
      15
      19
      26
      17
      26
      22
      11
      22
      20
      22
      19
      18
       9
      19
      31
      25
      18
      19
      20
      21
      15
      23
      19
      13
      22
      18
      20
      27
      16
      19
      16
      19
      21
      18
      28
      22
      18
      20
      21
      22
      20
      12
      23
      17
      11
      16
      10
      16
      17
      24
      21
      15
      19
      23
      17
      28
      19
      21
      15
      18
      19
      18
      16
      15
      14
      15
      20
      14
      16
      20
      20
      17
      22
      22
      17
      25
      16
      16
      15
      14
      24
      22
      13
      12
      20
      16
       9
      20
      19
      20
      20
      19
      14
      17
      24
      16
      18
      24
      15
      20
      14
      14
      15
      13
       9
      17
      18
      17
      16
      15
      24
      18
      16
      14
      21
      23
      16
      10
      12
      16
      17
      18
      10
      25
      17
      16
      29
      17
      17
      20
      12
      25
      11
      19
      20
      14
      20
      27
      19
      21
      14
      18
      25
      18
      15
      26
      16
      20
      20
      14
      19
      18
      11
      13
      16
      18
      20
      17
      19
      21
      15
      33
      18
      16
      13
      22
      15
      26
      27
      12
      22
      14
      22
      18
      12
      17
      10
      20
      16
      22
      16
      17
      11
      18
      21
      15
      18
      17
      15
      17
      19
      26
      16
      18
      20
      26
      27
      22
      11
      25
      14
      11
      13
      15
      21
      20
      17
      16
       9
      13
      18
      18
      14
      13
      15
      16
      18
      17
      14
      21
      24
      19
      21
      19
      21
      14
      18
      18
      17
      17
      20
      16
      17
      14
      16
      17
      17
      27
      19
      16
      17
      17
      28
      20
      10
      17
       8
      16
      14
      15
      17
      23
      14
      19
      21
      19
      21
      15
      19
      19
      19
      18
      12
      17
      16
      22
      23
      17
      20
      16
      29
      14
      12
      11
      14
      22
      15
      20
      16
      14
      25
      17
      15
      12
      16
      16
      22
      15
      15
      15
      24
      23
      20
      24
      23
      17
      13
      17
      11
      22
      15
      15
      18
      18
      15
      17
      16
      15
      21
      14
      14
      14
      29
      15
      16
      18
      12
      13
      22
      17
      15
      16
      18
      23
      20
      17
      19
      16
      16
      24
      18
      24
      12
      23
      19
      14
      15
      20
      19
      16
      20
      16
      22
      15
      13
      25
      22
      16
      17
      14
      20
       9
      18
      17
      19
      15
      16
      19
      25
      13
      17
      13
      19
      17
      10
      16
      11
      13
      20
      17
      16
      17
      21
       8
      21
      15
      17
      12
      20
      14
      18
      23
      22
       9
      13
      22
      12
      16
      20
      18
      13
      13
      22
      16
      12
      11
      15
      14
      10
      22
      18
      11
      20
      21
      17
      18
      13
      24
      19
      14
      17
      19
      11
      11
       8
      12
      19
      17
      20
      16
      19
      16
      15
      12
      12
      18
      13
      19
      22
      27
      13
       8
      21
      21
       7
      10
      13
      15
      15
      22
      17
      22
      21
      12
      11
       6
      18
      14
      18
      11
      26
      11
      10
      17
      13
      20
      20
      16
      11
      11
      17
      22
      12
      15
      17
      19
      15
      13
      20
      16
      13
      24
      16
      15
      14
      15
      14
      20
      19
      22
      15
      14
      15
      12
      19
      18
      15
      17
      24
      17
      19
      11
      22
      10
      18
      24
      10
      22
      16
      11
      18
      14
       8
      18
      20
      13
      16
      21
      19
      15
      16
      10
      12
      20
      21
      18
      11
      17
      16
      17
      25
       9
      19
      27
      17
      10
      19
      13
      15
      13
      19
      11
      13
      14
      18
      16
       9
      16
       9
      15
      16
      19
      16
      15
      14
      13
      17
      19
      20
      12
      14
       8
      16
      10
      14
      10
      16
       7
      18
      22
      17
      24
       9
      11
      12
      13
      18
      23
      11
      25
      17
      15
      19
      14
      24
      18
      15
      15
       9
      12
      17
      22
      16
      18
      10
      11
      12
      16
      11
      20
      12
      14
      13
      18
      14
      17
       9
      21
      18
      13
      16
      14
      10
      25
      11
      15
      13
      12
      20
      17
      11
      18
      14
      15
      19
      13
      18
      12
      11
      20
      11
      12
      16
      11
      11
      10
      11
      17
       9
      13
      19
       9
      19
      19
      24
      12
      13
      12
      22
       9
      12
      18
      21
      19
      14
      18
      11
      19
      12
      20
      20
      12
      16
      18
      13
      15
      15
      20
       8
      13
      14
      10
      15
      13
      18
      10
      21
      12
      21
      14
      16
      13
      17
      20
      22
      16
       8
      15
      18
       9
      22
       9
      15
      15
      16
      14
      15
      19
      16
       8
      11
      13
      17
      18
      17
      11
      12
      17
      12
      13
      16
      11
      17
      14
      17
      13
      15
      15
      12
       9
      19
      21
      17
      17
      15
      23
      11
      10
      15
      14
      24
      16
      20
      24
      18
      19
      15
      19
      24
      35
      27
      32
      30
      37
      39
      32
      29
      57
      41
      41
      44
      47
      57
      60
      49
      58
      49
      57
      48
      52
      43
      50
      51
      44
      39
      34
      37
      30
      41
      35
      37
      17
      27
      16
      18
      28
      21
      21
      25
      17
      19
      19
      17
      10
      21
      22
      10
      18
      12
      14
      17
      12
      19
      17
      10
      14
      12
      11
      17
      12
       9
      21
       8
      14
      14
      20
      18
      12
       9
      12
      18
      10
      17
      10
      11
      18
      19
      11
      13
      16
      15
      15
      14
       7
      16
      14
      14
      11
      12
      11
      15
      11
       9
      11
      11
      13
      20
      11
      17
      16
      14
      13
      16
      15
       8
       8
      14
      19
       8
      10
      14
      17
      13
      14
      11
      17
      12
      16
       6
      14
      16
      12
      18
      24
       8
      12
      21
      18
      15
       9
      14
       7
       9
      12
      15
      21
      11
      17
      19
      18
      15
      14
       9
      13
      15
      11
      13
      11
      16
       6
      15
      13
      20
      10
      13
      11
      11
      16
      11
      12
      10
      18
      11
      13
      26
      13
      14
      18
      16
      12
      12
      14
      18
      10
      21
      19
      10
       9
      10
      14
      16
      12
      17
       7
      20
      16
      11
      18
      15
       4
      13
      15
      13
      19
      17
      17
      12
       8
      16
      12
      13
      12
      15
      12
      10
      12
      19
      18
      14
      17
      13
      13
       8
       9
      12
      13
      14
      14
      11
      15
      19
      13
      10
      17
       9
      15
      11
      19
       9
       9
      14
      12
       9
      17
      13
      11
      19
      12
       8
      13
      17
      19
      20
      11
      17
      10
      19
      15
      17
      13
      14
      15
      17
      12
      15
      14
      11
      22
      10
      16
      15
      14
       9
      15
      15
      19
      15
       8
       9
      13
      11
      20
      17
      10
      21
      13
       9
      14
      13
       9
      15
      13
      17
      12
      16
      12
      14
      14
      14
      14
      19
      13
      13
       9
       6
      19
      10
      15
      14
      17
       8
      11
      13
      13
      16
       9
      10
      15
      14
      13
      16
      13
      14
       9
       8
      12
       8
      12
      10
      12
      12
      12
      10
      10
      12
      12
      10
      10
       8
       9
      15
      14
      12
       8
      15
      13
       7
      19
      15
      13
      14
       9
      14
      18
      15
      14
      17
      19
      12
      12
      15
      12
      13
      11
      13
      11
      11
      12
       7
      13
       9
      10
      18
      16
      16
      12
      13
      15
      14
       7
      17
      13
       8
      15
       8
      12
      14
       9
      13
      11
      12
      14
      14
      23
      18
      15
      12
      13
      21
      13
      11
      12
      14
      15
      13
       8
      12
       8
      13
       9
      20
      14
      10
       7
      13
      10
      15
       9
       9
       9
      17
      10
       7
      12
       9
      17
      11
      14
      16
      15
      12
       7
      14
      17
      21
      11
      10
       9
      11
      12
      14
      13
      12
      13
       8
      13
      16
      11
      17
      15
      18
       6
      13
      16
       8
      17
       8
      14
      14
      15
      11
       9
      12
      15
      15
      17
      10
       9
       8
      12
       9
      10
      15
      18
      15
       9
      12
       9
      17
      12
       7
      12
       9
      15
      14
      10
      14
      12
      12
      16
      16
      13
      15
       9
       9
      17
      11
      17
      13
      10
      17
      12
      10
      10
      17
      17
      20
       9
      10
      12
      12
      20
      11
      13
      16
      12
      11
      13
      18
      10
      14
      15
      10
      11
      13
      15
      14
      15
      10
      12
      13
       8
       9
       9
      14
      11
      11
      15
      13
      10
       6
      15
      15
      13
       9
       9
      11
      10
      10
      17
       8
      11
       5
      12
      14
      19
      15
      17
      18
      16
      10
       9
      12
      12
      12
      10
      10
       8
       5
      14
      12
      14
      12
      10
      18
      11
      12
      11
      12
       7
      16
       9
      14
       8
      13
       8
       7
      13
      12
      12
      16
      11
      17
      18
      16
      17
      14
      10
      11
      14
      13
      11
      13
       8
      11
      20
      12
      14
      25
      15
       4
      16
      10
      11
       9
      13
       9
      11
       8
      14
      12
      20
      19
      12
      23
      16
      17
      15
      26
      22
      24
      23
      14
      23
      19
      14
      21
      19
      16
      26
      14
      19
      15
      20
      18
      15
      15
      11
       9
      10
      15
      11
      17
      15
      14
      14
      17
      10
      13
      10
      13
      11
      11
      10
      14
      16
      15
      13
      18
      14
      11
      12
       7
      15
      16
      11
      11
      19
      10
      15
       6
      13
      13
      17
      11
       6
      14
      12
      10
       7
       8
      15
      16
      16
      11
      15
       8
      11
       7
      11
      10
       9
      15
      15
      11
       7
       8
      15
       8
      16
      14
       9
      14
      10
      10
       8
      11
      10
      14
      12
      16
      10
      12
      17
      13
      12
      11
      11
      14
       9
      15
      16
      12
      17
      12
      16
      11
      11
      10
      16
      12
      11
      10
      15
       5
      11
       5
      11
      14
      10
      15
      13
      12
      15
       9
      21
       5
      10
       7
      12
      11
       8
       9
      13
      13
      11
      13
      14
       7
      13
       8
       9
      17
      20
      16
       9
      17
       9
      14
       9
      19
      12
      16
      16
      14
      15
      10
      16
       9
       9
       7
      19
      15
      15
      11
      12
      13
      15
      10
      13
      11
      13
       8
      10
      14
      14
      12
       8
       5
       6
       8
      10
      13
      11
       7
      10
      11
       9
      11
      10
      14
      12
      12
      22
      11
      13
      12
      17
      12
       8
      14
       7
      16
      14
      12
      18
      15
      19
      21
      23
      20
      36
      30
      28
      25
      43
      46
      49
      56
      55
      45
      51
      59
      38
      39
      51
      45
      59
      48
      36
      28
      25
      25
      17
      20
      13
      15
      16
      13
      17
       8
      16
      19
      10
       9
      13
      11
      11
       8
      11
      10
      18
      16
      13
       7
       7
       6
      11
      17
      14
      14
      19
      11
      10
      12
      15
      13
      12
      14
      14
      14
      14
      11
       8
      11
       4
       7
      15
       8
      11
      15
       8
      10
      11
      12
      11
      11
      19
       9
      10
       6
       9
       9
       6
       6
      11
      10
      10
      15
      16
       7
      15
       9
      11
      14
       9
      14
      10
      10
       6
      12
       7
       9
      14
       9
      14
      11
      11
      12
      13
      21
      12
      10
      10
      10
      10
       9
      11
       8
      18
      12
      12
      14
      11
      11
      11
      14
      12
      13
      15
      11
       8
      14
      11
      11
       9
      10
      16
      11
       9
       8
       5
      11
      11
      11
      12
      14
      10
       5
       8
      12
      14
      10
       9
      15
       9
       8
       9
      10
       6
       8
      13
       2
       8
      11
       9
      10
       6
       8
      14
      11
       4
      10
       8
      16
      10
      17
      13
      10
       9
      14
      11
      18
      13
      14
      12
      11
      11
       2
      12
      11
      11
      12
      11
       9
      15
      13
      10
       9
       7
       8
      10
       7
       8
      11
       8
      11
      10
      12
       7
      10
      11
       9
      12
      10
      18
       6
      13
       6
      14
       8
       9
      10
      10
      12
      12
      11
      16
       9
      11
       9
      10
      12
      15
      11
      14
      10
       8
       6
       8
      22
      10
      14
       9
      16
       8
      12
      10
       9
      13
      14
       8
      12
      12
      15
       6
      12
       8
      13
       9
       7
      17
      12
      14
      14
      10
      17
      15
      14
       8
       5
      15
       8
      10
       9
       9
       8
      12
      17
       3
      10
      13
      12
      12
       7
      13
      15
      14
       4
      13
      10
      11
       8
      16
       9
       9
      18
      11
       9
       4
      10
       9
      10
      12
      13
       9
      21
      11
      13
      10
       7
      10
      13
       7
       7
       7
      13
       5
       8
       3
      13
      16
      13
      14
      17
      11
       7
      12
      11
      12
      21
      12
      11
      10
       9
       9
      11
       6
       8
      12
       7
      10
       7
      14
      13
       4
      12
       9
       7
      11
       9
      12
       8
      19
      13
      12
      10
      12
       5
      10
      13
       8
      10
      11
       9
       9
      13
      11
      19
       7
      14
      11
       9
      10
      10
      14
       4
      11
       8
      13
      11
       6
      12
      16
      15
      12
      12
       8
       9
      10
      12
       6
      13
      10
      17
       7
      16
      17
      12
      10
       8
      16
      12
      10
       8
       6
       6
       9
      10
      12
      10
      11
       7
      10
      18
      10
      16
      12
      13
       4
       7
      10
      12
      10
       7
       6
      10
       8
      10
      11
       9
      12
      10
      13
       8
      14
       9
      13
       9
      13
      11
      10
      12
      11
      20
      18
      10
      14
      14
      13
      19
      15
      14
      23
      17
      12
      17
      19
      18
      20
      12
      16
      10
      10
       7
       8
      24
      13
      11
       6
      10
      16
      14
      11
      12
      10
      13
      12
       9
      18
      14
      13
      14
      11
       6
      13
      13
      11
       9
      13
       7
       3
      13
      16
       6
       7
      14
      10
      14
      14
      13
      12
      12
      10
       9
      14
       8
      17
      10
      12
      11
      12
       7
      16
       9
       7
      12
       9
       8
      16
       7
      11
      11
       7
      15
      12
       6
       9
      10
      10
      11
       7
      10
      13
       8
       5
       9
      10
       7
      11
       8
      10
       9
      13
       9
      11
      10
       9
       4
       8
       7
       7
      16
      14
      13
      12
       5
      14
      14
      14
       9
       9
       5
      17
       7
       9
      12
      11
      15
      10
      12
      10
      10
       6
       9
       8
       9
       9
      10
      12
       7
       7
       8
       9
       9
       7
      12
       6
      10
      11
      10
       9
      11
      12
      10
      10
       6
      10
       5
      12
       8
      12
      15
      11
      11
      15
       8
       9
      10
       8
       9
      11
       7
       8
      10
       8
      10
      12
       6
       8
      10
      12
      10
       6
      11
       9
      13
       7
       8
      12
       9
       9
      10
      10
      18
      12
      11
      15
       9
       9
       3
       9
      13
      10
      12
      13
       9
      10
      10
       6
       7
      19
      11
      12
       8
      13
      11
      16
       5
       7
       9
       8
      11
      16
      11
       8
       6
      13
       9
       9
      12
      10
       9
      12
      11
      12
      13
       7
      10
      15
       8
       7
      16
      10
      10
      15
       9
      10
       9
      11
       6
      12
       7
      11
      12
       5
       7
      13
       7
      15
       8
      10
       7
      11
      11
      12
      11
      13
       5
       9
       6
      11
      12
      11
      10
      16
      10
      16
       6
       8
       9
      11
      13
       9
      11
      12
       9
      10
       8
      11
      11
      12
       9
       9
       7
       8
      10
       6
      12
       8
       8
       8
       7
       8
      11
      10
       6
       9
       9
       7
       9
       8
       7
       8
      11
      12
       6
       5
       6
      11
      12
      12
      15
      12
      13
      12
       9
      10
       7
       9
       6
      11
       9
      16
      13
       7
      11
       7
      13
       8
       2
       6
       4
       8
      11
       6
       7
       9
       7
      11
       7
       9
      10
      13
       6
      16
      17
      19
      13
      12
       6
      11
      13
       9
       9
      10
       6
       8
       8
       9
      12
      10
       8
       6
      13
       8
      12
       3
      10
       8
      10
      13
      11
      10
       7
       8
      15
       7
      10
      12
      12
      11
       8
      12
       9
       9
      13
      11
      14
      10
       7
       8
       9
       7
       9
      13
      11
      11
       9
       9
      16
      10
      11
      16
       9
      10
      13
       3
      14
      10
       9
       8
       8
       7
       8
      11
       9
       8
      11
       8
      13
      11
      12
      12
      12
      12
      10
      15
       6
      15
      14
       6
      12
       9
      10
       6
       7
      11
       7
       8
       7
       9
      10
      11
       8
       6
      10
       9
       9
       9
      11
       9
      13
      15
       9
       6
      15
       6
       5
       9
       2
       9
      13
       9
       6
      10
      19
      10
       7
       4
      18
      11
      11
       5
      12
      11
      10
      10
      10
      11
       6
      11
       8
      16
       6
       7
      11
      10
       7
      10
       9
      11
      11
      10
      10
      10
       2
       4
      10
      10
       9
      12
      13
      11
       3
      11
      14
       8
       8
      11
       5
       8
       9
       9
      11
       6
      11
       6
      11
      12
      16
      14
       9
      11
       4
      13
      12
       5
       6
       7
       9
       8
       8
      16
       6
       8
       5
      10
       8
       7
      11
      13
       6
       8
      13
      17
       9
      12
      10
       7
      12
      10
      11
      11
      18
      10
      12
       9
      17
      17
      12
      14
       9
       9
      13
      15
      12
       5
      10
       9
       4
      10
       8
       8
       9
       7
       7
       5
      15
       7
       8
      11
      12
      10
       3
       7
      15
      10
       9
      17
       5
      10
      12
       6
      11
       9
       7
      10
      10
       8
       8
      11
      14
       9
      11
      15
       6
      11
      12
      14
       7
       4
       7
       9
       6
       6
       7
       9
       8
      10
       7
      12
       9
       8
      12
       9
       7
      11
       7
       4
      12
       7
      12
       6
      14
       9
      10
       7
       6
       9
      12
      11
      10
       9
      11
      10
       6
       9
      12
       7
      11
      10
      12
       5
       6
       5
       9
       5
      11
       9
      10
       8
      10
       8
      12
      12
      12
      11
      13
       7
       9
      13
      13
       5
      14
       8
      11
      13
       8
      12
      14
      16
       6
       8
       7
      15
       7
       9
      13
       9
      10
      13
      13
       7
      13
      12
       9
       7
      13
       8
      11
       9
       9
       9
       7
       3
      14
      14
      12
       8
       6
       8
      12
      12
       7
       5
       6
       7
       9
       8
      11
       9
       3
      10
       6
      10
      14
      13
       9
       9
       8
      10
      17
       6
       4
      11
       8
       8
      10
       7
      15
      11
       7
       8
       9
      12
      16
       5
      10
       6
       8
       7
       7
       6
       7
      12
       9
       8
       4
      14
      11
      13
      11
       8
      12
       5
      10
      10
       7
       7
       8
      13
      10
      10
       3
      12
      10
       6
       5
      14
      11
       7
      11
       8
      12
      10
      10
       7
       7
       6
       8
       5
      15
       7
       8
       9
       5
       5
       4
       5
       5
      13
      10
       8
      13
       7
       7
       7
       5
       7
      11
      15
       8
      10
       7
      10
      12
       7
      11
       8
      14
      11
      10
       8
      13
       9
       6
       9
       6
       7
       5
       7
       8
       6
      12
      11
       7
       9
      10
       9
      12
       9
      12
      12
      11
      10
       6
       8
      10
       6
       9
      18
       4
       6
      10
      11
      11
      10
      11
       7
       6
      11
      12
      15
      12
      13
      15
       5
       6
       9
       9
       5
       9
       5
      12
       9
       6
       6
      11
      10
       5
       9
       8
      13
      14
       5
       9
      11
      10
      14
      14
      16
      14
       9
      13
      10
      13
       9
      14
      19
      11
       9
      17
       8
      10
      12
      16
      11
      11
       9
       8
      13
       6
      12
      15
       9
       2
      13
      11
      11
       9
       8
       9
      10
       8
      14
       7
       7
       5
      12
       8
      18
      12
      11
       8
      14
      11
      10
      10
      12
       8
       8
      11
      12
       8
      10
       8
      10
       4
       5
       7
       4
       7
       9
      10
       4
      14
      13
      11
       4
      13
      10
      11
      13
       6
      13
       8
      10
       5
      13
       9
       5
      12
      11
       7
       9
      13
      12
      10
      13
       4
       7
       7
      12
       5
       8
       5
       7
       6
       5
       6
       7
      11
       6
      11
       6
      11
       6
       8
      11
      13
       9
       9
      11
      10
      10
       8
       8
       9
      14
       8
      12
       9
      10
       7
       8
      14
       7
      10
      11
      10
      12
       7
       6
       8
       9
      11
      10
       4
       7
       4
       5
       9
      14
      11
       9
       8
       5
       6
      12
       6
      14
      13
       9
       5
       8
       6
      10
       6
       8
       8
      10
       6
      15
      12
       7
       6
      10
      14
       6
       6
       6
       9
      13
      10
       9
       9
       8
      10
       8
      10
       5
       7
       9
       7
      14
       6
       4
      10
       6
       4
       9
       6
       4
      10
      10
       8
       9
       8
       6
      14
       4
      14
       7
      10
      13
       4
       5
      10
      14
       7
       7
      11
      13
      10
       5
       8
       7
      15
       8
       8
       7
       8
      13
       9
      14
       7
       8
       5
      14
       9
       9
       9
       5
       5
      10
      19
      11
      10
       7
       9
      16
       4
       9
      12
       4
      10
      11
      15
       5
       8
      10
       6
      11
       8
      10
       6
       9
       9
       9
       4
       4
       5
       7
       3
       5
       6
      15
      14
      11
      11
      10
       8
       8
       7
      12
       5
       5
       4
       5
       6
       5
      10
       4
       3
       9
       9
       4
      10
      11
       7
      11
       5
       5
       7
       4
       8
       7
       9
      12
      12
       8
       7
      14
       6
       8
       9
       7
      11
      10
      11
       4
      14
       9
       5
      11
      10
       9
      11
      10
      16
       4
      12
       9
       9
       8
       8
      10
       8
       9
       5
      14
      14
       7
      10
      11
       3
      10
       9
      13
       7
       8
       7
       5
       7
      11
       8
      10
      12
       9
      10
       9
       9
      10
      10
       4
      13
      11
       8
       4
       8
      10
       6
       3
       4
       6
       9
       4
       5
      11
       8
      12
       5
       7
      12
      12
      11
       8
       8
       5
       8
       8
       7
       3
       4
       5
       7
      13
      11
       9
       6
       5
       8
       9
       9
      14
       9
       7
       8
       5
      13
      11
       5
       8
       9
       7
       9
       7
      11
       8
       8
      12
      10
      10
       2
       4
      12
       6
       4
       4
       8
       7
      14
       6
       6
      15
       7
      14
       6
       7
       7
       5
      12
       7
       8
       9
       7
      11
      10
       9
       7
       6
      10
       6
       8
       7
      10
       4
      12
       3
       8
       5
       7
      11
      10
       8
       5
      10
       8
       4
      11
       2
       5
       7
       8
       9
       4
       5
       7
       8
       5
       5
      10
       6
       8
       5
      12
       9
       2
       7
      11
       4
       5
       6
       7
      11
      11
       8
       9
       6
       7
       8
       7
       8
       6
      10
       6
      10
       7
       3
       9
      12
       6
       6
       4
       8
       8
       8
       7
      11
       8
      10
      11
       7
       8
      11
       5
       6
      11
       6
       6
       4
       8
      15
      11
       1
       4
       3
       9
       5
      10
       5
       1
       2
       9
       4
       8
       5
      11
       9
      10
       2
       7
      10
       6
       8
       6
       3
      14
       9
       6
       7
      13
       7
      10
       5
       7
      12
       6
      12
      12
      11
       7
       9
       8
       5
       6
      11
       6
       8
       7
      10
       9
       6
       4
      10
       4
       6
       9
       6
       8
       8
      10
      10
       8
       9
       8
       9
      11
      10
      12
       5
       5
       5
       6
       6
      10
      11
       8
       4
       6
       9
       9
       8
      13
      12
      10
      16
       7
       4
       5
      12
       7
       6
       7
       5
       6
      10
       6
       4
       5
       9
      10
       6
       7
       3
       8
       4
       7
       9
       4
       9
       5
       5
       8
       7
       5
      10
      10
       6
       8
       3
       7
       4
       6
       4
       6
       4
      10
      10
       6
       9
      11
       9
       4
      10
       8
       6
       5
      10
       8
       6
       7
      10
       4
       7
       5
       6
       8
       6
       8
       9
       9
       8
      11
       6
       3
      12
       6
      13
      12
       6
       6
       7
       8
       5
       6
       7
       6
      11
       8
       8
      10
       6
       7
       7
      13
      11
      10
      14
       6
       5
       5
      11
       8
       6
       4
       8
       9
       9
       8
      10
       8
       8
       9
      11
       6
       5
      14
       8
      10
      11
       8
       9
       5
       7
       7
       8
       6
       7
       5
      10
       7
       6
       6
       8
       9
      10
      10
       8
       4
       9
       6
       2
      15
      11
      10
       4
      11
       4
       8
       7
      12
      10
      11
       9
       7
      11
       7
       5
       8
       7
      12
       6
       7
       6
      12
      14
       7
       8
       9
      11
      11
       9
       6
       5
       9
      10
       7
      10
       7
       8
       9
       8
       6
       5
       8
      13
       5
       7
       7
       4
       7
       6
       9
       8
      10
      12
       7
       6
      11
      12
       4
      12
       9
       4
      13
       8
       8
       9
       5
       5
       7
       8
       6
      14
       3
       7
      14
       6
       5
       4
       9
      12
      12
       4
      10
       5
      12
       7
      11
       7
      10
       6
      11
       9
       9
       5
       8
       7
       7
       2
       5
       6
      11
      10
       7
       7
       8
       5
       7
       8
      12
      10
       5
       4
       6
      10
      10
      14
       9
       8
       7
       6
       3
       7
       3
       8
       2
       6
       6
       6
       7
       6
      10
       2
      11
       7
       3
       5
      10
      10
      10
      11
       4
       8
       8
       7
       8
      13
       5
      11
      11
       7
       5
       9
       7
       6
      14
       8
       8
       9
       4
       2
      12
       6
       3
      11
      12
       9
      11
       4
       8
       7
       5
       6
       8
       5
      12
       9
       8
       8
       6
      10
       7
       8
       6
       5
       9
       7
      13
       8
       9
       5
       2
      10
      10
       5
       4
       8
       7
       7
       7
       6
      12
       6
       7
      12
       3
       7
       6
       9
       8
       9
       9
       5
       5
       4
       6
       4
       6
       3
       5
      10
       9
       8
       5
      11
       8
       5
       3
       5
       6
       9
       8
      14
      11
      11
       5
       7
       7
       5
       8
       7
      12
       3
       6
       8
      13
       7
       6
       4
       8
       4
       4
      10
       3
      13
       4
       5
       4
       9
       3
      10
       6
       7
       3
       9
       8
      15
      10
       7
       6
       7
      11
       6
       5
      12
       3
      10
       7
      10
      13
       9
       4
       9
       5
       7
       7
       5
       8
      16
       6
       6
       6
      11
       7
       7
       8
       7
       7
       7
       6
       5
       5
       8
       6
       7
      11
       3
       9
       8
      12
       9
       7
       9
       7
       5
       9
       8
       3
       3
      10
       7
       6
       5
       5
      10
       8
       7
      12
       7
       8
       4
      15
       6
       3
       7
      16
      12
       7
       7
       8
       8
      11
       5
      11
       8
       6
       7
      10
       6
       8
       3
       6
       9
       9
       4
       8
       6
      13
       4
      10
       8
       5
       6
       9
       5
       8
      11
      10
       9
       7
       8
       6
      10
      15
       7
       9
       7
       8
       5
       9
      12
       6
       9
       7
       8
       6
      12
       2
       5
      11
       6
      10
       3
      10
       3
       6
       4
      10
      10
       8
       5
      10
      14
       6
       8
       7
       7
      11
      10
       5
       4
       3
       4
       8
      10
       5
       8
       9
       7
       7
       4
       7
      11
       7
       6
       8
       9
       6
       6
       6
       6
       8
      10
      11
      19
      13
       6
       7
       8
       7
       3
      11
       5
       8
      17
       7
       9
       9
      13
      13
       6
       9
      18
       9
      14
       7
      15
      21
      11
       9
      10
      22
      14
      13
      11
      19
      11
      16
       7
      11
      16
       8
      11
      20
      13
      11
      18
       6
      13
       6
      11
       5
      11
       6
      10
      11
       6
       7
      10
       5
       3
      13
      11
       8
       6
       6
      10
       3
       1
       7
      12
      13
      12
       8
       7
      11
      11
       6
       3
       6
      10
       7
      11
       6
       9
      14
       8
       7
       6
       7
       8
       4
      11
       5
       7
       6
      10
       9
      11
       7
       5
       5
       2
       8
       8
       3
      12
       5
       9
      10
       5
       6
       8
      10
       3
       9
       7
       7
       7
       4
       4
       9
       6
       7
      11
       9
       4
      10
       9
       6
       9
       7
       6
       4
       6
       4
      10
       7
      10
       7
      10
      11
       7
       6
       9
       8
       8
      11
       9
       9
       5
       8
       3
       2
       5
       5
       7
       4
       6
       5
       8
       5
       5
       5
       6
       6
       9
       8
       7
      12
       3
       8
       7
       9
       7
       9
       7
       5
       6
       7
       4
       6
       3
       9
       4
      10
       9
       3
       6
       6
      11
      10
       5
       5
       6
       6
       7
       4
       3
       7
      11
       5
       8
       4
       6
       7
       7
       6
       6
       9
      11
      11
       7
       9
       6
       8
       8
       5
       8
      10
      12
       8
      11
       8
       5
       7
      14
      12
       2
       7
       8
      11
       4
      13
      14
       8
       6
       8
      14
       7
       6
       3
       8
       9
       3
       7
       9
       3
       4
       9
       5
       6
       5
       8
       2
       4
       9
       3
       3
       9
       4
       4
       7
       6
       6
       5
       5
       9
       7
       7
       6
       6
      12
       6
       7
       5
      11
       9
       4
       8
       4
       3
       7
       4
       5
       7
       4
       2
       6
       4
       8
       7
       4
       3
       9
       9
       5
       8
       7
       7
       6
      10
       7
       2
      10
       7
       5
       5
       4
       9
      10
       5
       4
      11
       8
       5
       8
       4
       6
       5
       8
       3
       6
       6
       8
      11
       8
       7
       4
       6
       2
       4
       5
       7
       3
       4
       8
       9
       7
       8
       5
       7
       6
       4
       8
       6
       2
       2
       7
      10
       3
       2
       7
       7
       5
       4
      12
       6
       8
       4
       5
      12
       6
       8
       9
       6
       5
       3
       7
       4
       3
       3
      12
       9
       4
       7
       5
       4
       4
      10
       7
       7
      68
     148
     124
     130
     153
     133
     123
     136
     150
     130
     132
     130
     125
     122
     140
     122
     144
     131
     140
     146
     135
     141
     155
     136
     139
     127
     139
     135
     134
     146
     118
     129
     133
     133
     138
     132
     135
     123
     108
     139
     139
     148
     115
     119
     138
     118
     128
     138
     140
     138
     138
     139
     134
     149
     139
     138
     158
     136
     122
     123
     148
     131
     131
     141
     109
     103
     132
     148
     131
     120
     123
     123
     135
     122
     147
     124
     115
     132
     123
     125
     144
     132
     131
     150
     118
     138
     149
     135
     137
     115
     139
     147
     118
     123
     139
     129
     120
     120
     123
     128
     136
     137
     116
     121
     122
     118
     115
     143
     119
     131
     144
     118
     129
     116
     114
     128
     124
     138
     135
     129
     124
     124
     139
     128
     126
     114
     126
     144
     134
     123
     149
     126
     139
     120
     133
     135
     127
     125
     115
     137
     122
     126
     135
     149
     120
     117
     116
     150
     107
     126
     119
     111
     121
     135
     146
     118
     126
     146
     126
     110
     117
     151
     127
     114
     119
     128
     119
     140
     134
     149
     125
     129
     117
     123
     143
     106
     105
     124
     132
     148
     116
     133
     112
     101
      71
$ROI:
0
$PRESETS:
None
0
0
$ENER_FIT:
0.000000 0.000000
$MCA_CAL:
3
0.000000E+000 0.000000E+000 0.000000E+000 
$SHAPE_CAL:
3
0.000000E+000 0.000000E+000 0.000000E+000
