$SPEC_ID:
No sample description was entered.
$SPEC_REM:
DET# 1
DETDESC# DESKTOP-3KSJ573 926
AP# Maestro Version 7.01
$DATE_MEA:
11/10/2025 13:38:31
$MEAS_TIM:
5111 5150
$DATA:
0 8191
       0
       0
       0
       0
       0
       0
       0
       0
       0
       0
       0
       0
       0
       0
       0
       0
       0
       0
       0
       0
       0
       0
       0
       0
       0
       0
       0
       0
       0
       0
       0
       0
       0
       0
       0
       0
       0
       0
       0
       0
       0
       0
       0
       0
       0
       0
       0
       1
       0
       1
       4
      10
      41
      89
     200
     303
     452
     580
     638
     657
     618
     624
     610
     634
     566
     589
     550
     541
     533
     499
     513
     536
     494
     454
     463
     463
     435
     500
     466
     489
     394
     442
     424
     415
     410
     402
     376
     435
     406
     427
     356
     392
     357
     395
     394
     407
     380
     375
     370
     373
     352
     363
     342
     347
     366
     319
     352
     332
     313
     309
     339
     364
     353
     329
     345
     311
     329
     320
     310
     321
     308
     300
     335
     328
     304
     323
     306
     316
     313
     296
     275
     305
     288
     301
     309
     290
     300
     306
     282
     261
     256
     290
     266
     312
     293
     275
     288
     314
     285
     271
     246
     278
     248
     297
     280
     244
     255
     279
     298
     298
     257
     260
     253
     249
     249
     269
     243
     260
     249
     244
     297
     259
     239
     252
     250
     256
     235
     217
     237
     252
     242
     248
     221
     273
     216
     234
     233
     238
     268
     237
     247
     267
     254
     209
     221
     242
     244
     222
     238
     228
     249
     232
     242
     209
     233
     232
     237
     246
     233
     210
     234
     210
     248
     212
     221
     237
     263
     222
     200
     220
     211
     228
     213
     204
     221
     210
     231
     222
     224
     232
     204
     221
     193
     234
     220
     220
     181
     195
     241
     207
     184
     186
     196
     212
     218
     192
     179
     219
     202
     215
     175
     199
     229
     182
     190
     197
     196
     201
     217
     189
     202
     209
     188
     194
     201
     180
     200
     196
     196
     211
     202
     204
     180
     196
     208
     197
     183
     192
     199
     204
     184
     188
     208
     183
     202
     194
     181
     199
     202
     198
     185
     204
     185
     179
     206
     196
     220
     203
     195
     183
     185
     192
     199
     196
     203
     171
     207
     187
     221
     182
     180
     191
     171
     175
     194
     177
     193
     187
     197
     186
     163
     166
     191
     169
     190
     188
     180
     193
     192
     176
     164
     188
     166
     175
     153
     201
     194
     186
     184
     182
     174
     181
     177
     178
     168
     174
     162
     200
     163
     191
     168
     163
     195
     152
     191
     171
     177
     158
     167
     192
     196
     174
     175
     161
     171
     175
     168
     180
     177
     172
     195
     169
     181
     135
     148
     183
     145
     197
     160
     188
     174
     170
     160
     172
     157
     170
     182
     187
     159
     175
     152
     144
     209
     191
     203
     168
     172
     161
     166
     176
     171
     172
     159
     170
     189
     173
     136
     163
     162
     200
     168
     144
     176
     148
     182
     166
     161
     185
     173
     175
     165
     162
     178
     172
     161
     172
     167
     179
     165
     187
     173
     151
     187
     182
     165
     180
     158
     169
     151
     165
     180
     169
     153
     164
     171
     168
     167
     167
     148
     161
     164
     179
     162
     164
     192
     180
     179
     203
     165
     151
     174
     203
     179
     183
     166
     154
     173
     157
     157
     161
     160
     146
     186
     159
     153
     156
     168
     176
     179
     167
     173
     155
     194
     165
     185
     217
     163
     160
     154
     198
     184
     171
     176
     187
     168
     186
     159
     164
     181
     174
     129
     174
     174
     169
     148
     186
     165
     182
     176
     191
     178
     170
     172
     192
     207
     183
     170
     185
     174
     159
     174
     188
     178
     185
     187
     163
     208
     187
     217
     182
     233
     211
     194
     191
     226
     246
     245
     253
     295
     282
     262
     260
     237
     249
     217
     220
     206
     229
     219
     190
     170
     189
     188
     171
     196
     170
     206
     197
     181
     200
     188
     199
     205
     214
     231
     206
     182
     198
     230
     208
     222
     239
     212
     213
     214
     213
     219
     230
     229
     201
     221
     234
     211
     233
     236
     217
     218
     216
     223
     237
     200
     223
     212
     213
     219
     228
     230
     240
     240
     220
     224
     197
     227
     249
     223
     228
     260
     233
     238
     256
     229
     229
     248
     241
     256
     256
     263
     238
     270
     266
     256
     259
     244
     330
     269
     295
     284
     304
     357
     341
     426
     434
     491
     491
     498
     501
     558
     481
     520
     422
     435
     399
     355
     366
     338
     366
     406
     418
     457
     518
     558
     622
     630
     704
     722
     712
     642
     655
     637
     515
     523
     427
     367
     319
     320
     265
     275
     246
     257
     262
     283
     281
     244
     270
     262
     302
     249
     288
     271
     264
     271
     258
     252
     225
     260
     256
     280
     242
     251
     238
     292
     245
     250
     265
     250
     252
     230
     237
     227
     237
     231
     236
     239
     208
     257
     236
     295
     296
     293
     308
     308
     297
     359
     322
     339
     309
     277
     285
     276
     249
     262
     251
     258
     266
     228
     236
     217
     268
     243
     295
     296
     310
     303
     313
     351
     359
     426
     396
     399
     450
     426
     418
     358
     364
     361
     356
     309
     284
     283
     255
     268
     261
     216
     279
     269
     258
     288
     287
     319
     297
     343
     312
     332
     323
     301
     297
     260
     249
     271
     286
     261
     264
     261
     231
     277
     284
     298
     300
     337
     412
     445
     528
     553
     573
     502
     536
     557
     496
     507
     430
     418
     392
     350
     289
     289
     303
     289
     268
     293
     299
     282
     283
     289
     291
     294
     271
     284
     247
     239
     241
     226
     207
     191
     206
     207
     209
     200
     193
     185
     210
     195
     199
     211
     192
     183
     213
     237
     257
     268
     278
     312
     268
     267
     278
     300
     310
     277
     261
     265
     246
     247
     232
     221
     203
     190
     220
     208
     213
     208
     203
     188
     218
     192
     178
     184
     190
     201
     195
     186
     186
     185
     190
     169
     175
     183
     187
     201
     179
     173
     201
     195
     195
     201
     193
     156
     190
     190
     176
     197
     195
     200
     176
     186
     182
     206
     184
     207
     208
     192
     206
     195
     201
     191
     224
     199
     210
     189
     188
     201
     190
     198
     205
     173
     214
     193
     183
     179
     180
     231
     208
     200
     205
     198
     218
     193
     202
     207
     200
     209
     169
     190
     177
     185
     196
     214
     215
     234
     222
     210
     222
     231
     214
     209
     212
     218
     220
     245
     212
     234
     231
     224
     229
     236
     236
     252
     225
     238
     225
     209
     212
     221
     210
     243
     213
     243
     200
     239
     226
     213
     215
     210
     203
     231
     224
     195
     215
     210
     222
     212
     202
     208
     205
     198
     186
     198
     192
     211
     173
     218
     170
     209
     197
     189
     188
     167
     222
     175
     192
     182
     202
     193
     174
     213
     202
     178
     202
     188
     177
     192
     226
     200
     209
     206
     174
     185
     188
     182
     197
     201
     212
     171
     160
     193
     192
     215
     182
     182
     191
     183
     204
     174
     188
     183
     229
     209
     188
     203
     179
     182
     199
     177
     202
     161
     201
     207
     208
     201
     182
     206
     191
     200
     182
     206
     175
     188
     183
     205
     198
     204
     181
     194
     199
     198
     194
     184
     186
     205
     210
     226
     194
     196
     216
     190
     188
     194
     195
     180
     189
     200
     198
     216
     182
     183
     167
     189
     183
     190
     181
     180
     204
     185
     197
     212
     194
     218
     185
     202
     186
     188
     181
     190
     193
     229
     182
     192
     211
     217
     185
     183
     206
     202
     198
     169
     186
     192
     202
     183
     168
     219
     170
     184
     203
     178
     196
     202
     184
     205
     198
     196
     178
     165
     213
     210
     198
     204
     186
     182
     177
     180
     186
     212
     207
     191
     198
     206
     207
     215
     209
     192
     173
     163
     206
     202
     176
     186
     189
     206
     179
     213
     193
     222
     207
     190
     181
     193
     212
     188
     203
     219
     179
     197
     196
     197
     198
     197
     193
     195
     202
     189
     206
     205
     207
     232
     198
     218
     215
     185
     180
     184
     196
     180
     217
     182
     203
     184
     192
     193
     203
     193
     215
     187
     217
     215
     216
     196
     183
     214
     184
     205
     216
     202
     214
     213
     209
     201
     238
     221
     220
     250
     254
     234
     244
     255
     268
     273
     255
     270
     269
     263
     246
     233
     223
     215
     211
     180
     216
     208
     186
     194
     217
     188
     194
     218
     194
     196
     200
     179
     231
     212
     181
     189
     181
     193
     181
     188
     205
     202
     188
     200
     200
     170
     184
     209
     228
     197
     190
     170
     177
     176
     197
     205
     208
     191
     187
     178
     195
     206
     215
     210
     194
     210
     209
     185
     210
     172
     224
     192
     209
     214
     185
     188
     194
     194
     210
     200
     168
     176
     196
     205
     189
     203
     208
     193
     203
     218
     216
     251
     218
     243
     224
     205
     234
     225
     224
     229
     220
     228
     225
     184
     181
     196
     177
     182
     199
     192
     188
     219
     195
     191
     172
     205
     192
     198
     178
     209
     192
     172
     191
     192
     218
     226
     177
     199
     178
     185
     203
     189
     194
     206
     193
     211
     163
     190
     198
     173
     189
     194
     196
     199
     181
     185
     198
     208
     181
     183
     204
     171
     192
     201
     183
     182
     160
     167
     181
     169
     173
     158
     175
     181
     184
     159
     204
     181
     185
     194
     207
     219
     195
     193
     220
     182
     210
     214
     202
     190
     191
     175
     177
     196
     196
     187
     199
     192
     164
     189
     205
     168
     162
     183
     185
     166
     178
     185
     176
     174
     160
     176
     169
     181
     185
     187
     187
     166
     191
     160
     172
     161
     149
     159
     177
     176
     175
     183
     175
     163
     176
     168
     189
     175
     171
     171
     182
     175
     176
     146
     181
     171
     183
     188
     202
     177
     157
     175
     149
     162
     206
     184
     179
     187
     203
     168
     167
     189
     179
     162
     152
     168
     190
     179
     155
     167
     179
     186
     180
     202
     174
     182
     199
     171
     194
     152
     166
     178
     180
     171
     187
     161
     191
     153
     151
     181
     174
     186
     195
     178
     171
     171
     163
     156
     184
     188
     194
     179
     183
     170
     198
     189
     161
     163
     168
     168
     161
     192
     178
     165
     157
     166
     155
     186
     181
     175
     162
     172
     183
     169
     189
     158
     182
     178
     187
     172
     178
     171
     187
     175
     173
     166
     188
     174
     184
     157
     171
     178
     172
     182
     170
     195
     187
     155
     197
     187
     156
     217
     213
     182
     208
     175
     161
     193
     189
     169
     194
     165
     188
     170
     210
     190
     255
     301
     296
     330
     405
     389
     494
     562
     612
     655
     694
     648
     674
     714
     658
     596
     536
     479
     410
     356
     318
     283
     239
     207
     196
     176
     178
     158
     162
     153
     173
     144
     178
     154
     171
     150
     174
     166
     154
     158
     173
     134
     158
     143
     136
     163
     159
     147
     155
     169
     150
     156
     173
     169
     165
     155
     162
     179
     143
     148
     170
     134
     166
     146
     146
     172
     158
     165
     146
     152
     185
     153
     151
     149
     169
     161
     155
     163
     171
     162
     149
     155
     133
     149
     165
     152
     170
     167
     148
     163
     155
     127
     124
     147
     176
     167
     170
     151
     192
     160
     138
     154
     156
     152
     172
     126
     172
     143
     135
     181
     155
     169
     145
     148
     157
     161
     155
     159
     145
     134
     155
     154
     172
     158
     146
     176
     147
     164
     147
     150
     162
     127
     131
     153
     172
     145
     161
     162
     141
     139
     128
     159
     162
     165
     144
     166
     141
     165
     156
     141
     124
     152
     157
     139
     144
     129
     132
     125
     136
     136
     144
     141
     157
     149
     154
     152
     155
     136
     148
     152
     182
     153
     141
     158
     166
     148
     162
     150
     161
     143
     162
     140
     148
     139
     145
     115
     136
     137
     153
     130
     147
     130
     136
     141
     122
     141
     158
     142
     128
     133
     131
     128
     153
     159
     146
     121
     125
     123
     123
     134
     150
     129
     130
     129
     134
     149
     149
     153
     126
     119
     145
     128
     148
     132
     170
     131
     156
     127
     145
     131
     123
     111
     138
     127
     139
     132
     128
     130
     123
     138
     122
     137
     118
     156
     136
     150
     145
     109
     131
     146
     118
     122
     101
     123
     128
     106
     142
     108
     128
     126
     121
     131
     113
     133
     114
     117
     131
     156
     119
     135
     144
     133
     110
     124
     122
     127
     121
     127
     128
     149
     123
     145
     121
     129
     126
     116
     116
     142
     115
     126
     129
     113
     132
     144
     134
     132
     125
     103
     133
     134
     144
     116
     142
     107
     121
     121
     138
     137
     105
     130
     140
     138
     117
     117
     152
     146
     129
     131
     129
     126
     117
     119
     110
     103
     124
     124
     122
     144
     128
     114
     133
     118
     126
     124
     117
     114
     112
     128
     115
     140
     123
     133
     114
     116
     108
     111
     128
     130
     137
     122
     138
      99
     118
     117
     124
     111
     127
     107
     117
     128
     133
     105
     116
     118
     107
     111
     121
     123
     124
     130
     133
     112
     126
     144
     141
     112
     124
     127
     111
     117
     125
     112
     107
     120
     113
     106
     118
     120
     119
     107
     110
     118
     100
     106
     129
     110
     144
     110
     119
     123
     122
     118
     128
     117
     132
     121
     134
     115
     107
     114
     124
     120
     128
     100
     101
     133
     120
     114
     144
     118
     110
     131
     119
     128
     118
     131
     158
     146
     159
     145
     154
     155
     145
     154
     152
     138
     141
     131
     140
     128
     127
     114
     102
      99
     121
     116
     121
     104
     119
     106
     138
     139
     125
     155
     134
     126
     131
     114
     111
     108
     135
     112
     119
     122
     116
     115
     139
     114
     136
     141
     152
     172
     243
     247
     311
     355
     403
     481
     504
     594
     586
     619
     602
     610
     575
     526
     489
     370
     348
     287
     247
     232
     176
     156
     135
     139
     114
      81
      99
     121
     101
      99
     109
     106
     126
      95
     104
      86
      95
     118
      92
     101
      97
     118
      98
      97
      99
      97
      81
     107
      97
     103
      94
      95
      94
     108
      88
     118
      93
     103
      83
      92
     116
      94
     105
     105
     105
      88
     101
     106
     107
      97
      91
      83
      96
      81
      96
      89
      96
      97
     130
      84
      78
     123
     115
      91
     100
      97
      89
      87
      97
      99
      94
     105
      85
     105
      96
      90
     113
      79
     100
     104
      98
     112
     108
     111
      89
     110
      87
     102
      89
     100
     101
     108
      97
      85
     105
      83
     118
      85
      84
      87
      93
      96
     115
      92
     101
      93
     115
     104
     104
     126
     113
     109
     115
     116
     120
     104
     106
     101
     108
     121
      91
      97
      94
     104
      97
     106
     133
     109
     128
     119
     118
     136
     121
     124
      95
     120
     129
     104
      99
     108
     106
     121
     104
     116
     104
      77
      80
      98
      77
      94
     105
      90
      94
      91
      98
      74
     101
      78
      76
      98
      99
      97
      79
     113
      72
      90
      89
     112
      73
      98
      87
      92
      79
     100
     100
      70
      94
     100
      88
      73
      91
      91
      97
     105
      92
     116
     101
      89
      76
     104
      90
      77
      81
      80
      96
      94
      86
      71
     100
      94
      87
      78
      86
      74
      71
      84
      79
      90
      91
      99
     107
     103
     107
     127
     129
     109
     143
     134
     108
     141
     128
     126
     123
     113
     131
     126
     142
     111
     102
     114
     109
     110
     123
     104
     115
     128
     120
     132
     108
     105
      98
     108
     105
      99
      87
      90
      95
     102
      80
      93
      92
     104
     119
      97
      91
     115
     100
     109
      95
     116
     103
     106
     115
     106
     111
     108
     108
      99
     111
      90
     101
     103
      94
      88
      70
      85
      93
     106
      92
      83
      98
      89
      92
      71
      74
      85
      81
      76
      96
      96
      74
      88
      78
      89
      86
      86
     102
      91
      98
      86
      81
      88
      89
      83
      91
      90
     101
      89
      87
      88
      86
      90
      86
     102
      92
      89
      97
      83
      86
      88
      99
      94
      84
      92
      95
      85
      82
      86
      81
      83
      85
      80
      72
      71
      84
     105
      91
      88
      88
     103
      76
      70
      87
      79
      88
      92
      92
      83
      91
      94
      88
     107
      84
      93
      86
      75
      84
      81
      81
      73
      91
      88
      83
     103
      87
      89
     108
      98
      91
      89
      85
      71
      84
      75
      82
      84
      72
      86
      83
      82
      67
      74
      89
      81
      81
      64
      83
      75
      72
      90
      80
      85
      86
      74
      90
      93
      87
      97
      81
      74
      78
      75
      70
      71
      82
      88
      93
      73
      89
      84
      88
      98
      86
      88
      94
      73
      95
      74
      98
     105
     106
     125
     135
     147
     196
     237
     296
     367
     460
     517
     684
     787
     916
    1007
    1073
    1028
    1095
    1154
    1088
     946
     903
     770
     629
     536
     429
     345
     276
     247
     192
     125
     116
      89
     102
      85
      91
      68
      91
      69
      64
      80
      88
      75
      60
      65
      70
      72
      75
      81
      73
      67
      96
      84
      64
      80
      76
      87
      78
      74
      92
      79
      82
      77
      65
      69
      73
      63
      59
      84
      73
      82
      76
      78
      63
      70
      75
      79
      61
      65
      82
      67
      67
      77
      65
      84
      77
      55
      77
      62
      62
      69
      81
      73
      87
      75
      65
      74
      73
      67
      75
      61
      72
      89
      70
      82
      70
      69
      68
      62
      67
      69
      62
      60
      79
      66
      64
      62
      70
      85
      76
      63
      72
      71
      71
      56
      70
      64
      73
      66
      71
      75
      66
      59
      78
      69
      64
      63
      64
      78
      50
      65
      67
      61
      75
      57
      54
      65
      64
      53
      63
      62
      63
      64
      60
      63
      77
      68
      82
      55
      86
      70
      48
      78
      82
      70
      66
      58
      64
      54
      71
      54
      74
      76
      75
      64
      71
      77
      79
      74
      68
      76
      57
      72
      80
      59
      77
      76
      64
      77
      74
      67
      58
      70
      67
      51
      48
      70
      66
      83
      76
      73
      63
      50
      65
      69
      70
      66
      64
      60
      62
      64
      70
      74
      68
      62
      72
      64
      57
      67
      62
      57
      63
      59
      69
      57
      60
      51
      54
      68
      67
      79
      83
      57
      66
      66
      54
      59
      76
      72
      64
      65
      66
      82
      63
      67
      60
      78
      85
      78
      61
      59
      73
      67
      66
      68
      70
      81
      77
      99
      85
      75
      82
      77
      72
      67
      70
      63
      64
      77
      73
      56
      79
      53
      62
      66
      77
      76
      69
      63
      64
      67
      60
      64
      69
      66
      68
      67
      70
      77
      59
      44
      70
      71
      50
      65
      77
      58
      74
      69
      79
      61
      76
      66
      63
      58
      76
      62
      81
      77
      73
      67
      73
      80
      81
      75
      81
      80
      68
      70
      76
      66
      61
      74
      57
      53
      57
      60
      74
      77
      74
      67
      61
      58
      58
      81
      57
      78
      60
      63
      62
      69
      69
      75
      70
      69
      60
      66
      72
      71
      59
      72
      58
      64
      77
      82
      59
      82
      60
      63
      81
      71
      63
      65
      64
      50
      59
      68
      61
      53
      58
      79
      59
      59
      77
      61
      58
      63
      92
      73
      76
      72
      75
      63
      74
      71
      68
      71
      65
      60
      70
      76
      81
      56
      61
      64
      75
      68
      56
      61
      65
      56
      71
      55
      67
      64
      63
      52
      45
      64
      66
      74
      65
      49
      54
      51
      65
      61
      51
      66
      72
      51
      54
      48
      62
      54
      67
      72
      51
      58
      65
      56
      68
      61
      65
      75
      57
      69
      78
      65
      54
      68
      48
      62
      66
      80
      72
      55
      78
      63
      71
      80
      50
      55
      63
      62
      67
      62
      73
      63
      66
      74
      67
      58
      65
      65
      74
      59
      63
      70
      77
      74
      84
      68
      97
      77
     100
     115
     160
     156
     149
     261
     349
     411
     509
     614
     729
     914
    1089
    1209
    1418
    1550
    1576
    1674
    1716
    1628
    1495
    1441
    1331
    1166
     963
     803
     653
     512
     469
     322
     256
     208
     140
      96
     105
      90
      73
      62
      47
      56
      53
      43
      53
      53
      58
      43
      50
      64
      44
      45
      39
      46
      61
      58
      48
      47
      52
      44
      50
      58
      50
      48
      44
      53
      52
      46
      52
      43
      54
      64
      57
      62
      57
      46
      61
      39
      56
      56
      44
      43
      53
      56
      52
      45
      47
      47
      46
      49
      39
      63
      31
      45
      54
      43
      52
      54
      43
      52
      45
      59
      56
      49
      56
      41
      43
      41
      39
      50
      52
      55
      39
      52
      39
      64
      44
      52
      46
      54
      42
      30
      48
      59
      43
      41
      51
      47
      46
      48
      52
      54
      51
      39
      53
      42
      59
      55
      44
      49
      52
      50
      42
      45
      46
      59
      38
      54
      38
      49
      50
      46
      46
      44
      44
      52
      49
      52
      60
      54
      37
      38
      48
      39
      38
      59
      66
      42
      39
      46
      42
      58
      42
      55
      49
      57
      46
      38
      52
      53
      44
      51
      46
      56
      38
      50
      47
      62
      59
      55
      47
      45
      51
      61
      51
      54
      59
      51
      50
      61
      60
      42
      34
      41
      35
      50
      50
      51
      49
      50
      50
      49
      50
      63
      47
      42
      49
      35
      52
      49
      37
      59
      46
      67
      38
      42
      46
      43
      56
      44
      56
      47
      45
      54
      52
      41
      50
      40
      47
      51
      49
      50
      57
      53
      52
      46
      50
      42
      47
      41
      47
      49
      40
      47
      34
      61
      54
      53
      41
      42
      54
      64
      35
      55
      47
      64
      46
      41
      58
      59
      54
      48
      42
      38
      47
      51
      54
      45
      40
      57
      53
      42
      46
      37
      49
      53
      44
      40
      57
      46
      47
      51
      42
      42
      48
      51
      39
      46
      43
      48
      42
      56
      44
      47
      56
      58
      61
      50
      42
      70
      59
      65
      68
      69
      68
      55
      73
      49
      54
      78
      49
      60
      60
      52
      58
      54
      64
      50
      62
      74
      67
      51
      62
      70
      54
      53
      56
      57
      62
      53
      38
      52
      52
      39
      32
      44
      53
      44
      51
      42
      49
      48
      50
      58
      42
      45
      41
      41
      41
      50
      46
      57
      39
      44
      59
      64
      52
      56
      47
      45
      49
      41
      36
      46
      46
      47
      60
      41
      45
      40
      49
      44
      62
      55
      57
      40
      53
      51
      47
      42
      57
      41
      48
      43
      44
      46
      43
      64
      47
      53
      52
      59
      47
      35
      49
      53
      39
      48
      55
      40
      46
      53
      47
      53
      45
      52
      38
      42
      52
      55
      52
      34
      51
      56
      55
      45
      41
      47
      44
      67
      57
      56
      53
      53
      57
      56
      72
      70
      68
      63
      65
      57
      59
      78
      44
      55
      64
      50
      57
      64
      44
      55
      40
      47
      66
      51
      63
      47
      52
      55
      54
      58
      61
      73
      54
      59
      56
      80
      58
      62
      57
      48
      51
      54
      65
      55
      59
      57
      63
      47
      55
      45
      53
      49
      47
      46
      53
      51
      43
      54
      60
      36
      46
      49
      43
      55
      50
      52
      39
      49
      45
      42
      51
      50
      51
      70
      42
      42
      46
      51
      52
      58
      59
      44
      63
      33
      59
      62
      48
      51
      61
      43
      53
      38
      64
      40
      49
      53
      44
      48
      49
      56
      50
      46
      58
      45
      60
      51
      53
      45
      52
      61
      46
      47
      54
      55
      59
      55
      53
      63
      46
      42
      43
      52
      45
      41
      57
      52
      37
      60
      44
      44
      52
      49
      51
      56
      55
      43
      53
      56
      60
      45
      48
      46
      52
      44
      50
      41
      53
      59
      63
      45
      52
      44
      41
      44
      49
      49
      50
      59
      54
      44
      50
      46
      51
      47
      56
      60
      43
      55
      69
      55
      49
      60
      53
      53
      36
      53
      41
      49
      48
      58
      50
      51
      56
      45
      66
      45
      51
      55
      50
      34
      52
      51
      40
      58
      48
      40
      59
      49
      51
      49
      59
      50
      51
      52
      50
      41
      38
      43
      51
      47
      39
      49
      51
      49
      58
      55
      39
      51
      58
      61
      49
      38
      53
      40
      45
      67
      44
      41
      42
      45
      53
      51
      58
      46
      51
      68
      60
      47
      33
      50
      37
      40
      54
      47
      56
      41
      42
      46
      49
      32
      45
      53
      44
      36
      46
      32
      49
      32
      40
      50
      31
      35
      39
      33
      39
      55
      38
      44
      36
      37
      48
      33
      46
      38
      41
      52
      33
      47
      26
      32
      30
      44
      43
      35
      43
      43
      32
      35
      42
      32
      32
      40
      38
      32
      48
      37
      36
      29
      44
      44
      35
      34
      35
      38
      24
      32
      40
      50
      46
      37
      37
      36
      33
      35
      30
      29
      36
      34
      37
      43
      31
      31
      41
      45
      33
      38
      23
      42
      26
      45
      39
      44
      23
      44
      30
      36
      45
      40
      32
      38
      34
      34
      40
      33
      34
      34
      32
      33
      36
      44
      42
      44
      31
      33
      36
      33
      34
      34
      30
      39
      32
      44
      27
      24
      38
      33
      42
      44
      33
      43
      40
      40
      32
      47
      46
      38
      41
      32
      35
      39
      26
      39
      33
      44
      35
      29
      38
      33
      26
      28
      34
      37
      29
      32
      36
      33
      36
      31
      32
      33
      26
      25
      33
      42
      40
      35
      50
      33
      33
      31
      41
      39
      33
      29
      37
      45
      33
      33
      36
      37
      35
      33
      38
      40
      35
      26
      29
      32
      35
      28
      38
      21
      36
      38
      40
      25
      38
      36
      39
      57
      37
      36
      39
      39
      29
      52
      35
      41
      37
      47
      34
      33
      42
      41
      43
      45
      30
      36
      29
      19
      42
      39
      34
      38
      32
      39
      28
      28
      39
      25
      27
      29
      40
      37
      38
      41
      29
      27
      33
      24
      30
      32
      32
      30
      36
      23
      36
      26
      37
      42
      31
      43
      34
      29
      34
      42
      38
      32
      29
      38
      34
      33
      42
      34
      36
      28
      40
      29
      37
      61
      44
      29
      38
      34
      35
      42
      34
      33
      41
      32
      33
      28
      33
      31
      30
      29
      32
      24
      29
      27
      17
      31
      44
      27
      42
      33
      31
      32
      35
      24
      28
      33
      28
      30
      31
      17
      30
      32
      21
      17
      33
      31
      35
      31
      38
      36
      34
      34
      23
      19
      37
      30
      32
      29
      32
      18
      29
      36
      26
      40
      27
      31
      28
      36
      41
      34
      35
      33
      37
      34
      29
      39
      33
      32
      41
      31
      37
      32
      31
      29
      37
      40
      31
      35
      24
      38
      27
      25
      28
      31
      32
      30
      33
      40
      23
      22
      24
      25
      30
      37
      31
      36
      30
      33
      23
      29
      43
      31
      20
      37
      37
      39
      35
      31
      25
      22
      26
      33
      32
      38
      31
      22
      31
      24
      22
      25
      30
      39
      29
      27
      31
      31
      20
      40
      34
      33
      28
      29
      27
      32
      35
      29
      32
      27
      37
      28
      30
      34
      39
      39
      28
      41
      34
      43
      32
      42
      44
      40
      30
      40
      30
      45
      46
      30
      46
      41
      38
      24
      31
      30
      24
      27
      26
      36
      33
      29
      26
      28
      26
      23
      19
      32
      32
      29
      38
      29
      27
      32
      34
      25
      27
      33
      32
      24
      36
      25
      22
      27
      32
      30
      21
      27
      43
      40
      35
      37
      41
      31
      31
      43
      36
      45
      34
      38
      37
      42
      27
      31
      35
      37
      40
      29
      34
      31
      15
      36
      24
      28
      25
      33
      28
      29
      32
      26
      20
      29
      26
      24
      27
      26
      18
      28
      26
      38
      26
      25
      32
      29
      23
      41
      18
      24
      31
      22
      38
      36
      13
      27
      19
      33
      30
      20
      26
      26
      33
      27
      31
      28
      20
      22
      18
      28
      23
      17
      24
      20
      28
      28
      31
      29
      28
      20
      26
      18
      30
      33
      29
      22
      20
      18
      27
      29
      24
      30
      32
      21
      28
      21
      23
      24
      34
      35
      27
      27
      31
      30
      22
      24
      27
      21
      32
      23
      26
      25
      18
      17
      28
      26
      19
      16
      17
      28
      19
      25
      27
      28
      19
      25
      21
      12
      27
      26
      22
      25
      24
      21
      22
      32
      34
      22
      19
      28
      19
      30
      23
      18
      30
      24
      14
      29
      29
      24
      19
      22
      23
      22
      26
      26
      30
      19
      27
      19
      21
      21
      25
      17
      13
      26
      22
      30
      30
      21
      29
      23
      29
      26
      28
      25
      21
      32
      33
      25
      22
      23
      29
      18
      23
      20
      17
      27
      28
      29
      32
      32
      33
      23
      22
      29
      27
      27
      31
      28
      41
      49
      37
      29
      36
      23
      30
      31
      35
      35
      31
      42
      37
      25
      31
      36
      33
      34
      18
      22
      28
      30
      30
      22
      27
      27
      23
      27
      23
      19
      33
      30
      26
      26
      28
      25
      30
      21
      27
      30
      25
      17
      20
      29
      29
      28
      28
      22
      20
      24
      17
      21
      37
      28
      17
      25
      29
      23
      32
      28
      24
      37
      22
      14
      24
      18
      29
      24
      28
      32
      33
      21
      21
      21
      18
      20
      26
      21
      28
      22
      16
      24
      25
      24
      25
      32
      27
      29
      32
      21
      18
      29
      26
      21
      42
      22
      31
      29
      28
      26
      36
      29
      26
      19
      23
      14
      26
      25
      24
      27
      25
      18
      32
      25
      25
      21
      38
      20
      20
      26
      20
      26
      24
      26
      17
      26
      24
      22
      31
      26
      28
      32
      20
      26
      17
      32
      25
      28
      22
      20
      27
      14
      27
      18
      16
      30
      22
      31
      25
      24
      25
      22
      23
      20
      21
      24
      21
      35
      21
      32
      24
      18
      19
      29
      15
      18
      28
      30
      21
      27
      27
      23
      24
      24
      23
      17
      21
      29
      19
      20
      17
      32
      16
      29
      18
      20
      24
      23
      19
      18
      21
      26
      26
      25
      26
      25
      20
      39
      21
      26
      28
      43
      28
      21
      28
      22
      42
      33
      25
      26
      21
      22
      30
      31
      23
      25
      16
      35
      18
      25
      21
      23
      21
      24
      39
      28
      28
      30
      28
      29
      25
      26
      18
      26
      33
      26
      19
      23
      37
      25
      25
      23
      21
      25
      28
      25
      25
      26
      23
      19
      26
      27
      21
      17
      19
      24
      16
      27
      27
      31
      19
      16
      25
      22
      32
      25
      18
      14
      25
      18
      28
      20
      19
      33
      22
      23
      25
      36
      22
      23
      25
      26
      24
      32
      21
      27
      25
      26
      25
      28
      19
      18
      26
      31
      24
      24
      21
      24
      23
      22
      23
      28
      20
      34
      26
      17
      36
      23
      30
      25
      27
      24
      27
      20
      30
      31
      28
      25
      31
      18
      26
      22
      24
      13
      12
      33
      26
      26
      26
      19
      23
      15
      23
      21
      34
      13
      22
      20
      18
      26
      20
      15
      25
      16
      25
      19
      20
      22
      19
      38
      21
      18
      17
      24
      29
      28
      32
      22
      26
      23
      17
      36
      36
      24
      26
      18
      18
      24
      22
      27
      17
      17
      15
      23
      22
      23
      27
      20
      21
      14
      20
      20
      24
      22
      25
      19
      25
      19
      20
      29
      19
      15
      20
      21
      15
      34
      19
      22
      24
      20
      26
      24
      20
      24
      15
      25
      20
      26
      12
      21
      17
      26
      20
      32
      13
      22
      31
      17
      22
      30
      17
      23
      19
      17
      22
      23
      24
      17
      26
      22
      20
      17
      22
      20
      23
      27
      20
      23
      14
      20
      17
      21
      25
      26
      19
      11
      20
      25
      19
      16
      26
      18
      21
      29
      20
      21
      15
      25
      19
      19
      22
      22
      23
      23
      22
      14
      21
      27
      32
      32
      14
      28
      24
      19
      15
      17
      28
      23
      36
      25
      21
      24
      20
      18
      32
      16
      21
      20
      24
      17
      20
      28
      19
      14
      26
      21
      23
      17
      21
      32
      32
      20
      27
      15
      27
      19
      24
      14
      26
      24
      24
      22
      22
      32
      25
      24
      26
      28
      22
      24
      24
      16
      26
      28
      22
      23
      29
      23
      29
      24
      17
      22
      21
      27
      27
      22
      25
      23
      31
      23
      23
      17
      19
      14
      23
      19
      17
      18
      20
      23
      26
      31
      16
      17
      27
      23
      16
      27
      22
      32
      25
       9
      23
      22
      22
      15
      27
      20
      13
      20
      29
      18
      27
      17
      25
      17
      21
      21
      29
      23
      29
      18
      21
      25
      32
      31
      22
      30
      32
      29
      30
      28
      35
      30
      30
      24
      31
      27
      39
      26
      24
      13
      21
      15
      23
      24
      25
      21
      15
      23
      23
      36
      30
      21
      20
      23
      26
      21
      21
      15
      21
      22
      22
      24
      16
      19
      24
      22
      19
      28
      17
      13
      20
      26
      29
      25
      22
      33
      14
      22
      24
      19
      28
      22
      16
      19
      22
      11
      20
      18
      17
      20
      24
      17
      23
      21
      17
      26
      16
      17
      21
      28
      17
      19
      13
      24
      12
      35
      19
      17
      27
      19
      17
      24
      20
      19
      21
      22
      20
      24
      20
      21
      26
      30
      17
      16
      23
      16
      23
      30
      16
      22
      14
      20
      17
      22
      17
       8
      27
      16
      15
      17
      14
      21
      20
      19
      24
      12
      22
      26
      27
      21
      22
      18
      21
      25
      20
      22
      19
      16
      28
      21
      19
      20
      18
      19
      21
      25
      24
      21
      29
      21
      15
      17
      19
      21
      25
      22
      15
      17
      23
      23
      24
      17
      15
      23
      17
      20
      19
      23
      28
      12
      25
      21
      14
      23
      18
      11
      18
      14
      32
      20
      21
      26
      25
      21
      20
      16
      17
      27
      24
      21
      25
      21
      28
      27
      19
      28
      24
      26
      21
      19
      24
      17
      28
      18
      20
      20
      20
      16
      15
      23
      18
      19
      17
      16
      18
      33
      20
      25
      24
      19
      20
      21
      36
      17
      34
      21
      33
      24
      31
      44
      46
      50
      47
      74
      77
      95
     112
     130
     128
     185
     222
     261
     334
     377
     428
     492
     598
     632
     682
     720
     800
     861
     930
     958
     906
     910
     884
     797
     790
     770
     690
     600
     511
     472
     367
     260
     235
     206
     153
     138
      81
      62
      42
      42
      37
      21
      19
      20
      23
      18
      16
      24
      16
      19
      12
      14
      14
      17
      18
      14
      14
      20
      20
      19
      17
      22
      17
      17
      15
      23
      14
      11
      12
      15
      22
      16
      22
      20
      19
      23
      12
      23
      16
      14
      13
       9
      27
      13
      15
      18
      21
      18
      15
      12
      18
      15
       9
      18
      21
      20
      12
      19
      17
      21
      13
      17
      17
      15
      18
      17
      14
      24
      23
      15
      10
      19
      14
      11
      17
      15
      15
      19
      14
      15
      13
      14
      14
      14
      23
      14
      18
      17
      14
      19
      15
      15
      10
      10
      20
      14
      13
      13
      12
      12
      13
      21
      24
      13
      16
      15
      14
      14
      11
      11
      16
      13
       8
      16
      13
      10
      18
      16
      14
      19
      15
       9
      13
      12
      16
      21
      19
      10
      11
      14
      16
      11
      16
      16
      19
       9
      13
      14
      17
      10
      17
      16
      13
      16
      13
       9
      12
      20
      15
      13
      21
      24
      17
      17
      18
      11
      14
      20
      17
      18
      13
      11
      11
      15
      15
      20
      15
      13
      12
      10
      16
      13
      11
      15
      14
      16
       9
      21
       9
      11
      13
      10
      15
      16
      22
      12
      19
      21
      17
      15
      14
      12
      20
      16
      14
       9
      20
      12
      16
      15
      21
      18
      18
      10
      14
      14
      17
      13
      10
       9
      14
      15
      13
      22
      11
      14
      10
      13
      12
      22
      13
      17
      16
      14
      17
      19
      21
      22
       9
      12
      12
      14
      21
      12
      16
      18
      18
      16
      11
      16
      15
      16
      21
      15
      21
      10
      24
      15
      16
      13
      14
      21
      15
      10
      14
      23
      25
      15
      13
      21
       8
      17
      18
      15
      13
      18
      12
      11
      16
      17
      13
      16
       9
      17
       8
      19
      10
      21
      11
      19
      19
      10
      23
      22
      17
      16
      14
      17
      18
       7
      18
      18
      10
      12
      15
      14
      10
      11
      10
      14
      11
      11
      20
       9
      14
      24
      22
      16
      22
      12
      21
      11
      20
      16
      20
      16
      14
      16
      19
      15
      11
      23
       9
      14
      14
      14
       9
      12
      15
      13
       7
      18
      17
      16
      20
      15
      18
      18
      11
      12
      16
      14
      19
      17
      15
       8
      14
      15
      14
      18
      22
      13
      12
      15
      17
      24
      17
      18
      15
      15
      15
       9
      11
      14
      14
      19
       8
      15
       9
      16
      14
      17
      20
      13
      20
      17
      14
       8
       9
      14
      17
       6
      15
      19
      12
      14
      22
      17
      17
      22
      12
      13
      15
      15
      15
      10
      12
      12
      22
      12
      11
      19
      18
      15
      21
      19
      22
      10
      15
      18
      15
      10
      14
      12
      16
      22
      14
      13
      15
      22
      19
      25
      28
      15
      15
      16
      10
      16
      13
      14
      17
      10
      12
      24
      17
      20
      20
      17
      21
      28
      30
      27
      18
      32
      25
      29
      34
      37
      33
      32
      34
      35
      35
      38
      39
      37
      36
      41
      40
      28
      30
      23
      28
      19
      14
      17
      22
      17
      24
      15
      21
      15
       8
      15
      14
      21
      12
      15
      16
      13
      26
      21
      13
      18
      11
      10
       5
      18
      16
      14
      14
      18
      10
      14
      21
      21
      14
      10
       6
      11
      10
      11
      11
      10
      12
      18
       7
      17
      23
      16
      16
      13
      20
      17
      12
      10
      13
      12
      13
       8
      17
      13
       9
      16
      14
      22
      13
      14
      21
      14
      13
      15
       6
      16
      13
      15
      18
      10
      13
      10
      14
      14
      13
      13
      10
      18
      17
       9
      10
      19
      18
      10
      15
      19
      11
      17
      20
      14
      18
      19
      13
      20
      14
      16
      12
      15
      18
      17
      14
      14
      11
      12
      13
      15
       8
      18
      13
      13
      14
      16
      10
      10
      17
       9
      16
      14
      17
      15
      18
      10
      20
      13
      13
      19
      16
      23
      17
      18
      18
      11
      21
      17
      12
       8
      18
      15
      17
      14
      11
      12
      18
      12
      13
      17
      16
      17
      12
      10
      16
      13
      19
      15
      13
       7
      10
       8
      16
      12
      16
      11
      16
      14
      12
      15
      11
      11
      17
      13
      12
      13
      13
      12
      18
      10
      14
      11
      18
      18
      15
      14
      18
      18
      16
      20
      21
       9
      15
      17
      14
      17
      18
      16
      14
      15
      18
      17
      12
      17
      19
      16
      15
      22
      10
      11
      16
      13
      17
      18
      15
      12
      15
      16
      17
      10
      12
      16
      11
      10
      15
      12
      15
      12
      11
      14
      16
      13
      12
      13
      22
      13
      13
      12
      13
      13
      13
       5
       7
      12
      13
      15
      13
      20
      19
      12
      14
      11
      12
      11
      19
       8
      12
      18
      14
       9
      20
      15
      16
      19
      11
      13
      10
      20
      10
      11
      15
      23
       9
      14
      12
      12
      14
      21
      19
      15
      13
      13
      13
      17
      17
      17
      24
      13
      19
      20
      12
      21
      13
      18
      14
      14
      23
      28
      23
      27
      21
      24
      29
      25
      20
      15
      22
      21
      22
      17
      20
      15
      10
      25
      25
      20
      16
      19
      18
      15
      18
      12
      14
      11
      10
      10
      15
      21
      19
      12
      15
      21
      20
      13
      14
      24
      13
      16
       9
      14
      27
      16
      12
      15
      12
      14
      14
      21
      14
      17
      11
      19
      15
      19
      16
      14
      20
      18
      17
      12
      19
      12
      12
      13
      18
      14
      12
      17
      16
       8
      21
      12
      13
      14
      19
       9
      10
      15
      16
       9
      14
      11
      10
       7
      14
      11
      21
      21
      15
      10
      12
      16
      13
      16
      17
      19
      12
      14
      16
      13
      12
      13
      13
      14
       9
      11
      20
      12
      11
      16
      14
       9
      12
      15
      14
      19
      18
      11
      16
      15
      17
      12
      16
      13
      15
      15
      17
      14
      12
      17
      12
      16
      14
      21
      16
      14
      12
      15
      32
      16
      26
      24
      15
      24
      19
      16
      20
      16
      19
      21
      23
      16
      13
      20
      17
      11
      19
      23
      16
      15
      19
      13
      11
       9
      13
      17
      10
       9
      12
      10
      18
      13
      10
      14
      23
      14
      15
       7
      17
      11
      16
      16
      18
      15
       9
      18
      20
      12
      13
      12
      17
      12
      12
      18
      15
       8
      11
      15
      20
      12
      15
      14
       9
      14
      16
      15
      17
       8
      16
      16
       8
      11
      16
      12
      14
      11
      14
      15
      15
      15
      16
      18
      13
      10
      14
      13
      10
      13
      12
      10
      13
      14
       9
      21
       7
      19
      17
      10
      10
      11
      20
      15
      17
      13
      19
      17
      12
      14
      11
      15
      12
      17
      13
      18
      17
      11
      12
      20
      24
      16
      12
      18
      16
      19
      15
      20
      14
      14
      20
      13
      12
      12
      17
      18
      16
       8
      17
      12
      21
      16
      12
      12
      15
      13
       9
      12
       8
      10
      10
      16
       5
       5
      11
      18
       9
      11
       7
      17
      10
      15
      15
      10
      16
      17
      12
      18
      12
      14
      15
       9
      18
      13
      24
      13
      13
      14
      22
       8
      18
      15
      14
      10
      19
      19
      24
      15
      22
      22
      25
      25
      17
      21
      25
      18
      30
      16
      12
      19
      22
      24
      18
      22
      20
      24
      13
      12
      15
      20
      19
      17
      14
      13
      13
       8
       9
       9
      13
      17
      13
      19
      13
      17
      16
       6
      14
      12
      18
      15
      13
      12
      15
      13
      11
      13
      18
      15
      13
      16
      12
       8
       9
      11
       9
      10
      14
      13
      14
      11
      14
      11
      16
      17
       9
      13
      15
      16
       9
      13
      11
      13
      11
      14
       8
      15
      10
      15
      11
      17
      10
      11
      11
      12
      14
      18
      13
      21
      14
      12
      15
      19
      17
      22
       9
      18
      14
      12
      13
      17
      16
      17
      17
      18
      16
      16
      24
      10
      20
      11
      13
      17
      17
      16
      17
      12
      10
      13
      18
      10
      20
       9
      14
      12
       8
      12
       8
      12
       5
      15
      19
      13
      21
       8
      16
      17
      10
      19
      18
      15
      16
      19
      15
      17
      15
      11
      14
      13
      20
      15
      12
      11
      20
      23
      14
       8
      18
      10
      12
      12
      12
      19
      15
       9
      12
      15
       8
      10
      12
      16
      17
      17
       8
      21
      16
      25
       9
      15
       8
      17
      12
      10
      18
      13
      14
      15
      17
       7
      13
      15
      18
      20
      19
      15
      22
      16
      12
      23
      21
      19
      18
      19
      17
      29
      41
      25
      34
      33
      43
      38
      49
      42
      59
      46
      67
      62
      79
      64
      65
      76
      79
      81
      74
      88
      91
      73
      77
      76
      66
      66
      62
      55
      52
      52
      40
      40
      32
      26
      30
      20
      15
      14
      15
      17
      17
      15
      18
       7
      14
      16
      12
      16
      14
      14
      15
       9
      18
       8
      16
      14
       9
      12
      12
      12
      14
      11
      14
      10
      15
       4
      11
      11
      12
      15
      14
      12
      15
      13
      10
      13
      14
       8
      14
      10
      13
      12
       6
      13
      14
      20
      10
      10
      13
      21
       8
      15
      11
      19
      14
       8
       7
      11
      15
      11
      18
      14
      13
      14
       9
      10
      13
       8
      18
      13
      10
       9
       9
      21
      16
       6
       8
      25
      14
      17
      11
      19
      13
      12
      13
      12
       9
      14
      13
      15
      10
      12
      10
      15
      13
      16
      15
      13
      11
      12
      10
      13
      11
      13
      13
      12
      11
       9
      10
      14
      19
      16
      25
      24
      27
      17
      14
      25
      23
      29
      27
      24
      34
      31
      27
      23
      26
      34
      33
      26
      20
      22
      26
      26
      27
      23
      21
      18
      17
      10
      15
      16
      22
      10
      16
      17
      13
      13
      11
      18
      14
      16
      14
      20
      15
       5
      10
      18
      12
      15
      11
      19
      13
      14
      10
      15
      10
      10
      13
       9
      10
      11
      21
      14
      10
       5
      12
       5
      15
       9
      13
      14
      10
      14
      18
      17
      10
       8
      16
      12
       9
      10
       6
       8
      12
      10
      15
      10
      10
      23
      15
       8
      15
      15
      10
       9
      10
      13
       8
      12
      14
      15
      13
      12
       9
      16
      13
       9
      15
      14
      12
       7
      18
       9
      13
      12
      12
      12
       7
      16
      11
       7
      17
      12
      16
      18
      10
      17
       7
      15
      11
       5
      12
      13
      15
      12
      11
      13
      11
      12
       9
       8
      10
      14
      17
      10
      18
      15
      15
      11
      14
       9
      14
      11
      14
      12
       6
      10
      14
      19
      12
       6
      12
      15
      18
      10
      12
      13
      11
      18
      20
      26
      15
      25
      27
      19
      25
      23
      24
      26
      14
      39
      33
      25
      27
      24
      25
      35
      21
      28
      28
      30
      35
      25
      30
      19
      19
      21
      22
      21
      10
      17
      17
      10
      14
      14
      16
      18
      13
      16
       7
       5
      24
      12
      14
      13
      11
      15
      11
      13
       7
      13
      14
       9
      11
      14
      13
      12
      17
      10
      10
      14
      13
      17
      12
      10
      15
      10
      14
       8
      11
      11
      11
      13
       8
       8
      19
      14
      12
      11
      12
       7
      17
       7
      16
      12
      15
      23
      11
      17
      15
      12
      13
      19
       6
      11
      11
      15
      16
      20
      11
      12
      16
      15
      17
       6
      10
      11
      10
      14
      14
      15
      13
      11
      15
      16
      14
       8
      14
      12
       8
      20
      11
      13
      14
       6
       9
      15
      15
      12
      17
      16
      16
      15
      19
      15
      15
       2
      21
      10
      13
      15
      13
      14
      22
      15
      16
      14
      11
      15
       6
       9
      17
      16
      14
      11
      18
      12
      14
       9
      13
      11
      14
      14
      10
      12
      12
      14
      11
      13
      12
       7
      10
      24
      16
      13
      16
      14
      18
      18
      13
      17
      13
      12
      10
      22
       8
      19
      11
      11
      11
      13
       7
       9
      14
      15
      13
      14
      18
       7
      10
      10
      13
      15
      12
      17
      19
      13
      14
      19
      15
      12
       9
       8
      19
      11
      13
      13
      11
      14
      20
      12
      16
      17
      19
      13
      11
      13
       8
      12
      16
      17
      16
      13
      15
      16
      16
      11
      15
      16
      17
      10
      17
      17
      14
       8
      17
      13
      20
      17
       9
      20
      15
      20
      10
      12
       7
      13
       8
      16
      11
      18
       9
      18
      14
      15
      13
      17
      11
      12
       6
       7
      11
       9
      15
      13
      11
      19
      19
      15
      13
      12
      15
      19
      19
      16
      25
      12
      23
      25
      21
      23
      23
      21
      13
      26
      26
      20
      23
      17
      32
      14
      20
      16
      17
      13
      16
      12
      12
      19
      14
      14
      16
      15
      11
      12
      17
      20
      13
      11
      11
       8
      12
       8
      13
      23
      13
      13
      14
      16
       7
      13
      16
      13
      14
      12
      13
       6
      13
      14
      16
      17
      14
      16
      11
      20
      24
      18
       5
      18
      11
      12
       9
      11
      17
      11
       5
      17
      12
      14
       9
      10
      15
      10
      10
       7
       9
      12
       6
      11
      10
      14
       9
      18
      16
      14
      17
      12
      18
      13
       9
      15
       9
       9
      11
      17
       5
      16
      17
      15
      15
      11
      17
      15
       9
      21
      16
      11
      14
      14
      15
      10
      17
      12
      12
      14
      12
       7
      13
      23
       5
      12
      11
      13
       9
      15
      16
       9
      18
       9
      13
      16
       9
      16
      12
       9
      11
      16
       9
       9
      14
      10
      14
      12
      14
      18
      20
      17
      13
      12
      18
       8
      14
      10
      15
      15
      17
       9
      14
      14
      11
      19
      13
      11
      15
      12
      11
      12
      10
      12
      14
      13
      16
       7
       8
      14
       6
      16
      11
      14
      13
      16
      11
      14
      16
      16
      18
      10
      15
      12
      16
      12
      20
      12
      10
      11
      19
      11
      11
      17
       9
      14
       8
      12
      23
      13
      10
      17
      12
      16
      14
      11
      17
      13
      10
       6
       9
       8
       9
      15
      21
      15
      19
      14
      10
      14
       7
      17
      13
      18
      15
      10
      21
      11
      20
      11
      12
      11
      12
      18
      18
      12
      11
       9
      10
      17
      21
      10
      12
      17
       9
      19
      18
      16
       8
      14
      11
      18
      12
      16
      17
      11
      12
      15
      13
      16
      12
      20
      13
      11
      19
      13
      14
      13
      18
      24
      10
      12
      10
      10
      17
       6
      12
       7
      19
      16
      18
      17
      12
      19
      10
      13
      14
       9
       9
      13
      11
       9
      17
      16
      16
      13
      13
       9
      18
      10
      13
      10
      14
      15
      14
      14
       8
      15
       9
      10
      14
      11
      16
      19
      14
      15
      12
      19
       8
      14
       8
       7
      18
      13
      15
      12
       7
      10
      13
      15
      11
      13
       9
       7
      12
      11
      16
      13
      15
      12
      18
      14
      13
      15
      15
      12
      15
      13
      13
      16
      10
      16
      17
      10
      13
      12
      11
      18
      20
      22
      16
      21
      13
       7
       9
      17
       5
      12
      13
      12
      16
      12
      14
      17
      16
      13
      14
      13
      14
      11
      15
      15
      19
      23
      13
      14
       7
      15
      15
      13
      15
      11
      16
      18
      13
      12
      15
      11
      15
      12
      17
      20
      22
      13
      15
      18
      13
       7
      14
       9
      11
      16
      17
      20
      11
      16
      15
      12
       7
      12
      19
      13
      14
      13
      17
      15
       9
      10
      11
      13
      14
      16
      22
      15
      10
      16
      21
      13
      11
       9
      12
      16
       7
      12
      17
       9
      12
      13
      14
       9
      10
      19
      12
      19
      11
      12
      21
      18
      13
      17
      16
      11
      19
      13
      15
      12
      11
      15
      16
       7
      18
       9
      15
      18
      18
      16
      13
      14
      11
      15
      14
       5
      14
      11
       9
       5
      13
      15
      20
       7
      12
      20
      17
      14
      13
       7
      18
      17
      11
      11
      12
      13
      12
      12
      21
      12
       9
      12
      13
      13
      14
      12
      12
      16
       9
       8
      14
      16
       8
       9
      11
      17
      14
      14
      20
       8
      14
      19
       4
      14
      14
      18
      13
      13
      13
      14
      15
      18
      16
      16
      20
      16
      17
      14
      14
      12
      13
      15
      15
       8
      11
      18
      13
      14
      16
      13
      18
      13
      14
      14
      20
       9
      19
      14
      14
       6
      12
      17
      18
      15
      21
      17
      17
      15
      16
      14
      19
      15
      14
      11
      15
      18
      16
       6
       8
      11
      11
      10
       7
      18
       9
      16
      13
      12
      15
      13
      14
      14
      15
      14
      17
      17
      13
      14
      14
      17
       6
      17
      15
       9
      14
      10
       7
      14
      20
      14
      18
      14
       7
      11
      10
      17
      10
      18
      13
      13
      14
       8
      17
       8
       9
       7
      16
      16
      10
      11
       8
      10
      13
      21
      15
       8
      11
      10
       9
       9
       7
      16
      11
      19
      10
      10
      16
      16
       9
      14
      15
      15
      12
      12
      16
      18
      13
       7
      13
      11
      15
      13
      13
      10
      11
      16
      14
       4
      14
       7
       8
       7
      18
      13
      15
      14
       6
      12
      11
      16
       6
      12
       8
      13
      13
      11
      14
      18
       9
      13
       8
      14
      10
      19
      11
       7
      14
      11
      12
       5
       6
      16
      11
      12
      15
      10
      11
      16
       9
      13
      13
      11
      13
      10
       7
      11
       9
       9
      13
      11
      13
      13
      14
      16
      12
      14
       9
       8
       9
      16
       6
       5
       8
      17
      13
      10
      11
      15
      11
       4
      12
      15
       7
      10
      11
      12
      12
      16
      13
       6
      12
      20
      15
       9
      15
      11
       9
      11
      16
      15
      10
      16
      12
      23
      15
      14
      12
      18
      23
      25
      18
      25
      17
      29
      18
      21
      31
      34
      35
      31
      35
      39
      31
      26
      31
      42
      49
      44
      42
      48
      41
      43
      34
      36
      46
      26
      35
      28
      28
      34
      20
      35
      16
      21
      22
      13
      17
      15
      12
      15
      13
      18
      16
      13
      16
      10
      12
      16
       9
       8
      10
      12
       6
      10
      11
       5
      16
      10
       9
      11
       8
       7
       8
       7
      13
      10
      11
      11
       9
      13
       8
      19
       9
      16
       8
       8
       7
      13
      13
      10
       9
       9
      13
      17
      12
      10
      10
      12
      16
      14
      11
       4
       9
      16
      11
      13
       8
      15
       7
      10
      13
       6
      11
      11
       8
      12
       9
      16
      13
      11
      10
       6
      11
       9
       9
      12
      12
      14
      16
       9
       9
       9
      14
       7
      11
      15
      10
       8
      11
      13
      14
      15
      14
      11
      15
       6
      14
      20
       7
      14
       6
       7
      15
       9
      12
      19
       9
       9
      12
       7
      14
       3
       7
      16
       8
      10
       9
       6
      10
      17
       8
      13
      10
       7
       9
      12
      10
       5
       9
       8
       9
      10
      19
      15
      13
      16
       7
       5
     140
     226
     240
     238
     232
     251
     227
     253
     218
     247
     255
     229
     232
     258
     205
     231
     251
     238
     268
     250
     232
     213
     219
     219
     231
     233
     232
     267
     243
     248
     226
     249
     241
     233
     212
     248
     224
     235
     237
     257
     252
     204
     230
     243
     239
     254
     251
     241
     251
     228
     236
     225
     202
     204
     246
     253
     238
     213
     240
     247
     238
     239
     258
     222
     236
     238
     227
     216
     231
     208
     243
     247
     233
     199
     223
     229
     229
     249
     230
     218
     237
     235
     242
     205
     226
     236
     239
     257
     233
     230
     247
     257
     225
     216
     227
     213
     219
     240
     245
     242
     217
     237
     254
     214
     203
     202
     232
     237
     217
     227
     232
     217
     219
     216
     211
     232
     253
     214
     226
     192
     232
     239
     209
     227
     203
     232
     237
     195
     224
     214
     225
     219
     234
     242
     222
     238
     199
     232
     216
     223
     185
     235
     217
     199
     235
     210
     239
     234
     208
     214
     223
     217
     225
     245
     208
     222
     228
     206
     235
     207
     246
     200
     217
     208
     219
     193
     232
     228
     230
     219
     225
     216
     208
     204
     185
     239
     225
     229
     219
     220
     204
     209
     190
     233
     109
$ROI:
0
$PRESETS:
None
0
0
$ENER_FIT:
0.000000 0.000000
$MCA_CAL:
3
0.000000E+000 0.000000E+000 0.000000E+000 
$SHAPE_CAL:
3
0.000000E+000 0.000000E+000 0.000000E+000
